1 0.346875 0.1609375 0.4140625 0.1609375 0.4140625 0.371875 0.346875 0.371875
1 0.409375 0.171875 0.478125 0.171875 0.478125 0.3734375 0.409375 0.3734375
1 0.625 0.2 0.69375 0.2 0.69375 0.4125 0.625 0.4125
5 0.4859375 0.2890625 0.5328125 0.2890625 0.5328125 0.3671875 0.4859375 0.3671875
0 0.55625 0.3375 0.609375 0.3375 0.609375 0.4875 0.55625 0.4875
3 0.4515625 0.3671875 0.509375 0.3671875 0.509375 0.4515625 0.4515625 0.4515625
5 0.596875 0.3828125 0.6609375 0.3828125 0.6609375 0.475 0.596875 0.475
0 0.5609375 0.4734375 0.66875 0.4734375 0.66875 0.7984375 0.5609375 0.7984375
6 0.4703125 0.528125 0.5515625 0.528125 0.5515625 0.7453125 0.4703125 0.7453125
3 0.4140625 0.640625 0.496875 0.640625 0.496875 0.7734375 0.4140625 0.7734375
6 0.640625 0.7078125 0.7484375 0.7078125 0.7484375 0.9734375 0.640625 0.9734375