1 0.309375 0.1921875 0.365625 0.1921875 0.365625 0.4015625 0.309375 0.4015625
1 0.3734375 0.196875 0.428125 0.196875 0.428125 0.3984375 0.3734375 0.3984375
1 0.590625 0.2015625 0.6484375 0.2015625 0.6484375 0.4109375 0.590625 0.4109375
5 0.4515625 0.30625 0.49375 0.30625 0.49375 0.3828125 0.4515625 0.3828125
0 0.5328125 0.346875 0.5765625 0.346875 0.5765625 0.4953125 0.5328125 0.4953125
3 0.425 0.3875 0.4796875 0.3875 0.4796875 0.4703125 0.425 0.4703125
5 0.575 0.3859375 0.6328125 0.3859375 0.6328125 0.4765625 0.575 0.4765625
0 0.5671875 0.478125 0.65625 0.478125 0.65625 0.8015625 0.5671875 0.8015625
6 0.475 0.5453125 0.5421875 0.5453125 0.5421875 0.7625 0.475 0.7625
3 0.4234375 0.665625 0.4984375 0.665625 0.4984375 0.7953125 0.4234375 0.7953125
6 0.66875 0.7046875 0.7609375 0.7046875 0.7609375 0.96875 0.66875 0.96875