1 0.353125 0.15 0.4046875 0.15 0.4046875 0.3640625 0.353125 0.3640625
1 0.4171875 0.1578125 0.4703125 0.1578125 0.4703125 0.3625 0.4171875 0.3625
1 0.640625 0.1703125 0.69375 0.1703125 0.69375 0.384375 0.640625 0.384375
5 0.49375 0.2703125 0.5359375 0.2703125 0.5359375 0.35 0.49375 0.35
0 0.575 0.3171875 0.6171875 0.3171875 0.6171875 0.4671875 0.575 0.4671875
3 0.4640625 0.3546875 0.5171875 0.3546875 0.5171875 0.4375 0.4640625 0.4375
5 0.615625 0.359375 0.6734375 0.359375 0.6734375 0.45 0.615625 0.45
0 0.6015625 0.4546875 0.6859375 0.4546875 0.6859375 0.7828125 0.6015625 0.7828125
6 0.5046875 0.5171875 0.56875 0.5171875 0.56875 0.7359375 0.5046875 0.7359375
3 0.446875 0.6375 0.521875 0.6375 0.521875 0.76875 0.446875 0.76875
6 0.6953125 0.6890625 0.7828125 0.6890625 0.7828125 0.95625 0.6953125 0.95625