2 0.381624 0.139368 0.033411 0.077344
2 0.420977 0.141190 0.034803 0.075065
3 0.460216 0.141190 0.031391 0.075065
3 0.500478 0.141873 0.034120 0.076430
56 0.333610 0.228207 0.067948 0.017401
56 0.403629 0.226135 0.065462 0.014915
56 0.472821 0.228207 0.062976 0.014087
56 0.334853 0.248094 0.065462 0.017401
56 0.404458 0.247680 0.063805 0.021545
56 0.472406 0.248508 0.065462 0.021545
37 0.551127 0.224892 0.080378 0.012430
37 0.550713 0.241051 0.079549 0.014915
37 0.550298 0.255552 0.080378 0.010772
45 0.545741 0.313142 0.069606 0.016573
45 0.545326 0.331787 0.073749 0.015744
45 0.545741 0.351260 0.069606 0.019887
45 0.473649 0.314385 0.069606 0.017401
45 0.474064 0.331787 0.062148 0.014087
45 0.474892 0.352502 0.063805 0.022373
45 0.404458 0.312728 0.063805 0.015744
45 0.406944 0.331372 0.067120 0.016573
45 0.409016 0.350845 0.064634 0.020716
45 0.336510 0.313142 0.067120 0.016573
45 0.338167 0.331372 0.063805 0.016573
45 0.340239 0.352088 0.066291 0.019887
45 0.262413 0.310905 0.069606 0.015081
45 0.267053 0.330626 0.069606 0.019722
45 0.267053 0.350348 0.069606 0.015081
46 0.440513 0.418471 0.065094 0.016757
46 0.504963 0.410415 0.058649 0.014823
46 0.505607 0.425561 0.057360 0.012890
46 0.442124 0.437162 0.063161 0.015468
46 0.505607 0.441029 0.058649 0.012890
46 0.574890 0.424272 0.014179 0.045115
46 0.560067 0.423949 0.012890 0.045759
46 0.546533 0.423949 0.014179 0.047048
50 0.278132 0.411225 0.076759 0.016573
50 0.365333 0.410673 0.082173 0.018368
50 0.367266 0.436292 0.082173 0.023202
50 0.285615 0.434455 0.078886 0.020882
47 0.543719 0.504143 0.058336 0.014584
47 0.545045 0.519722 0.055684 0.012595
47 0.543387 0.534969 0.057673 0.012595
47 0.486046 0.505800 0.054359 0.011269
47 0.486046 0.521710 0.054359 0.012595
47 0.486046 0.535631 0.050381 0.012595
48 0.425086 0.506293 0.059059 0.012656
48 0.426844 0.522464 0.056950 0.011249
48 0.427898 0.535471 0.056247 0.010546
48 0.363063 0.507657 0.057541 0.012065
48 0.365847 0.522042 0.055684 0.011137
48 0.367239 0.535963 0.058469 0.014849
13 0.609402 0.285181 0.019167 0.098860
13 0.643196 0.286694 0.022193 0.093816
13 0.268192 0.742248 0.017929 0.068551
13 0.304577 0.745412 0.040076 0.068551
12 0.373128 0.743830 0.086480 0.059059
12 0.674468 0.286392 0.018158 0.096843
11 0.706552 0.287814 0.034250 0.099437
9 0.607668 0.416529 0.024307 0.093912
9 0.355695 0.649551 0.056491 0.062544
9 0.433242 0.745385 0.025311 0.062544
8 0.638367 0.415735 0.022147 0.093862
8 0.666842 0.414680 0.013710 0.085425
8 0.289285 0.650390 0.064332 0.063278
7 0.695317 0.413626 0.030584 0.083316
8 0.481228 0.741088 0.055895 0.063278
24 0.556106 0.737397 0.022147 0.068551
21 0.533959 0.738979 0.013710 0.067496
17 0.545033 0.645117 0.010546 0.069606
24 0.668434 0.530660 0.061872 0.083969