73 0.729221 0.794732 0.080524 0.185615
73 0.643920 0.774942 0.070970 0.189709
74 0.566125 0.746963 0.060052 0.171967
74 0.496520 0.719667 0.051863 0.166507
70 0.436468 0.688959 0.051863 0.162413
72 0.381193 0.678040 0.058687 0.159683
72 0.325235 0.658250 0.042309 0.152859
71 0.277467 0.639825 0.042309 0.143306
78 0.739675 0.504254 0.151585 0.112916
79 0.601073 0.489124 0.105858 0.095708
75 0.486514 0.463747 0.100058 0.085557
77 0.379930 0.452146 0.081206 0.071056
76 0.280597 0.431845 0.071056 0.068155