13 0.292730 0.237175 0.029647 0.161124
13 0.330755 0.241042 0.036092 0.150812
12 0.382625 0.250558 0.031629 0.164225
11 0.432715 0.250475 0.055895 0.156085
11 0.497574 0.244674 0.054841 0.163468
9 0.546582 0.238890 0.024094 0.162413
8 0.594053 0.236745 0.036951 0.154679
7 0.647231 0.238374 0.058509 0.147281
14 0.657823 0.408353 0.057500 0.164431
14 0.595279 0.405831 0.051448 0.155352
15 0.537274 0.405831 0.032281 0.153334
27 0.384488 0.411667 0.046404 0.144735
23 0.338084 0.408353 0.028726 0.144735
23 0.440283 0.410562 0.029831 0.142526
20 0.348028 0.572423 0.033146 0.145840
21 0.382278 0.574633 0.022097 0.150260
5 0.425920 0.577947 0.045299 0.150260