81 0.605159 0.169312 0.178571 0.158730
81 0.790344 0.167328 0.165344 0.154762
81 0.412037 0.187831 0.175926 0.113757
81 0.234127 0.194444 0.171958 0.100529
81 0.288360 0.380952 0.161376 0.129630
81 0.460979 0.423280 0.160053 0.047619
81 0.634259 0.395503 0.173280 0.092593
81 0.801587 0.373677 0.145503 0.133598
81 0.158069 0.379630 0.070106 0.134921
81 0.170635 0.558201 0.087302 0.132275
81 0.304233 0.567460 0.161376 0.129630
81 0.477513 0.564815 0.161376 0.132275
81 0.649471 0.567460 0.166667 0.129630
81 0.804233 0.561508 0.126984 0.128307
81 0.294312 0.744709 0.175926 0.111111
81 0.474868 0.748677 0.169312 0.113757
81 0.653439 0.745370 0.169312 0.120370
81 0.810185 0.767196 0.123016 0.066138
81 0.251984 0.905423 0.152116 0.109788
81 0.148148 0.909392 0.044974 0.107143
81 0.384921 0.912698 0.097884 0.097884
81 0.547619 0.903439 0.142857 0.092593
81 0.704365 0.918651 0.160053 0.072751
81 0.833995 0.918651 0.075397 0.080688