81 0.777116 0.181217 0.191799 0.158730
81 0.578704 0.193783 0.186508 0.144180
81 0.392857 0.218254 0.171958 0.100529
81 0.210979 0.222222 0.167989 0.103175
81 0.248016 0.411376 0.154762 0.137566
81 0.425265 0.408069 0.181217 0.138889
81 0.613095 0.428571 0.181217 0.097884
81 0.792989 0.406085 0.162698 0.140212
81 0.283069 0.626323 0.171958 0.083333
81 0.460979 0.601190 0.173280 0.136243
81 0.641534 0.607143 0.174603 0.140212
81 0.804233 0.606481 0.132275 0.136243
81 0.810847 0.818122 0.124339 0.088624
81 0.642857 0.792328 0.177249 0.105820
81 0.463624 0.796958 0.167989 0.120370
81 0.275794 0.797619 0.167989 0.105820
81 0.240741 0.947751 0.140212 0.104497