45 0.696429 0.128307 0.205026 0.058201
45 0.488095 0.130952 0.203704 0.055556
45 0.695767 0.188492 0.190476 0.046296
45 0.490741 0.189815 0.206349 0.051587
45 0.493386 0.251323 0.190476 0.052910
45 0.691138 0.249339 0.186508 0.054233
38 0.267857 0.143519 0.231481 0.033069
38 0.267857 0.185847 0.242063 0.038360
38 0.269180 0.231481 0.236772 0.037037
38 0.272487 0.268519 0.235450 0.026455
36 0.544974 0.564815 0.193122 0.042328
36 0.546296 0.523810 0.190476 0.042328
36 0.544312 0.476852 0.197090 0.041005
36 0.742725 0.471561 0.189153 0.043651
36 0.743386 0.516534 0.193122 0.041005
36 0.737434 0.561508 0.186508 0.038360
50 0.326058 0.462963 0.234127 0.050265
50 0.331349 0.517196 0.234127 0.047619
50 0.335979 0.566799 0.224868 0.041005
48 0.220899 0.751323 0.164903 0.033510
48 0.227513 0.783951 0.158730 0.028219
48 0.230159 0.816138 0.156966 0.029101
48 0.232804 0.845238 0.156966 0.030864
48 0.384921 0.744268 0.157848 0.028219
48 0.387566 0.775573 0.152557 0.027337
48 0.387125 0.809083 0.151675 0.029101
48 0.388448 0.835538 0.152557 0.023810
47 0.538360 0.739418 0.143739 0.029101
47 0.537478 0.772046 0.141975 0.032628
47 0.537478 0.802910 0.140212 0.027337
47 0.537919 0.833333 0.142857 0.028219
47 0.686067 0.732804 0.142857 0.031746
47 0.685626 0.766314 0.140212 0.031746
47 0.682981 0.797178 0.138448 0.029982
47 0.685626 0.828042 0.141975 0.029982
84 0.216837 0.677910 0.053855 0.031179
84 0.609883 0.663265 0.050076 0.032124
84 0.683579 0.353364 0.057634 0.028345
84 0.583900 0.912698 0.047241 0.026455
84 0.175265 0.928288 0.046296 0.021731
84 0.599740 0.665505 0.021192 0.018458
48 0.549476 0.611635 0.197065 0.133124