81 0.337650 0.189710 0.084935 0.095377
81 0.423629 0.194236 0.082846 0.094681
81 0.339042 0.301796 0.083542 0.091200
81 0.425369 0.303885 0.082150 0.095377
81 0.344263 0.423977 0.077277 0.064049
81 0.426413 0.411793 0.081454 0.088415
45 0.511348 0.156990 0.082846 0.021582
45 0.509607 0.182052 0.083542 0.020189
45 0.508215 0.205026 0.084935 0.021582
45 0.509607 0.230089 0.080757 0.021582
45 0.600111 0.161167 0.083542 0.021582
45 0.597675 0.184141 0.084238 0.018797
45 0.596979 0.208159 0.082846 0.020886
45 0.595586 0.232526 0.080061 0.020886
45 0.687135 0.164648 0.083542 0.021582
45 0.681913 0.187970 0.080061 0.020886
45 0.678780 0.210944 0.079365 0.019493
45 0.679825 0.234266 0.078669 0.022974
45 0.507519 0.269075 0.077973 0.021582
45 0.593846 0.272208 0.079365 0.019493
45 0.507519 0.295182 0.079365 0.019493
45 0.593846 0.295879 0.079365 0.022278
45 0.508215 0.317112 0.077973 0.018797
45 0.507867 0.339390 0.078669 0.021582
45 0.592453 0.317808 0.082150 0.022974
45 0.590713 0.341827 0.080061 0.020886
45 0.680521 0.273601 0.074492 0.020886
45 0.678780 0.295879 0.080757 0.019493
45 0.678780 0.317808 0.082150 0.018797
45 0.676692 0.340434 0.077973 0.019493
45 0.507171 0.381509 0.075884 0.018101
45 0.507519 0.403091 0.075188 0.018101
45 0.508563 0.422932 0.075884 0.018797
45 0.509259 0.446603 0.074492 0.021582
45 0.586536 0.381857 0.073099 0.018797
45 0.589321 0.403439 0.074492 0.018797
45 0.588276 0.423977 0.073796 0.022278
45 0.588972 0.447299 0.073796 0.020189
45 0.671818 0.403787 0.077973 0.019493
45 0.673559 0.426413 0.073099 0.018797
45 0.675299 0.446951 0.076580 0.016708
45 0.507867 0.483500 0.081454 0.020189
45 0.511000 0.506475 0.076580 0.017405
45 0.510304 0.527012 0.076580 0.018101
45 0.511000 0.548942 0.076580 0.018797
45 0.591061 0.482804 0.076580 0.018797
45 0.592105 0.504734 0.074492 0.019493
45 0.591061 0.526664 0.076580 0.018797
45 0.589669 0.547898 0.080757 0.016708
45 0.674255 0.483152 0.077277 0.019493
45 0.671818 0.505082 0.080757 0.017405
45 0.672167 0.523879 0.078669 0.018797
45 0.671818 0.547898 0.073796 0.019493
40 0.337669 0.483539 0.080100 0.022046
40 0.349059 0.505218 0.079365 0.019841
40 0.349794 0.527263 0.079365 0.019841
40 0.350897 0.549677 0.078630 0.022046
40 0.419606 0.482804 0.079365 0.020576
40 0.430629 0.505952 0.076426 0.021311
40 0.429527 0.527631 0.074221 0.017637
40 0.431364 0.548207 0.073486 0.019106
39 0.357970 0.603781 0.096451 0.015983
39 0.357970 0.622520 0.094246 0.017086
39 0.356592 0.637676 0.097002 0.014330
39 0.357694 0.653660 0.092593 0.014330
39 0.452216 0.603505 0.089837 0.015432
39 0.453318 0.621142 0.090939 0.014330
39 0.453318 0.635747 0.088735 0.014881
39 0.453318 0.652006 0.090939 0.014330
38 0.545635 0.604883 0.090388 0.015983
38 0.546186 0.619764 0.089286 0.014881
38 0.545359 0.636574 0.090939 0.014330
38 0.545910 0.651731 0.089837 0.012676
38 0.640708 0.601852 0.090939 0.016534
38 0.638779 0.619213 0.088183 0.012676
38 0.638779 0.634921 0.087081 0.013228
38 0.636299 0.650353 0.084325 0.014330
38 0.548942 0.700231 0.090388 0.015983
38 0.547840 0.718144 0.089286 0.014330
38 0.546462 0.733025 0.087632 0.012125
38 0.546462 0.747354 0.087632 0.012125
38 0.639605 0.698854 0.089837 0.014330
38 0.638779 0.715388 0.087081 0.014330
38 0.639330 0.729718 0.090388 0.013228
38 0.637676 0.744874 0.085979 0.013779
37 0.456349 0.702116 0.089418 0.017989
37 0.456349 0.719048 0.089418 0.012698
37 0.455026 0.735185 0.092063 0.013228
37 0.454762 0.748677 0.091534 0.011640
37 0.361905 0.701323 0.091005 0.017460
37 0.361905 0.720635 0.093122 0.015873
37 0.360317 0.735714 0.094180 0.017460
37 0.361376 0.751587 0.093122 0.012169
41 0.345767 0.808201 0.079894 0.019577
41 0.348413 0.829630 0.072487 0.017989
42 0.426455 0.807143 0.078307 0.018519
42 0.426455 0.827513 0.076190 0.016931
49 0.368166 0.884039 0.102671 0.018267
49 0.367536 0.906400 0.101411 0.018896
49 0.369740 0.928760 0.102041 0.018267
49 0.472096 0.881519 0.097632 0.015747
49 0.469262 0.902620 0.099521 0.017637
49 0.469892 0.923721 0.099521 0.019526
49 0.470207 0.947657 0.096372 0.020786
49 0.369426 0.948917 0.101411 0.020786
43 0.569292 0.877340 0.093610 0.019841
43 0.567511 0.899217 0.091066 0.018824
43 0.568274 0.920838 0.092593 0.020350
43 0.567002 0.943987 0.092084 0.020859
43 0.664174 0.875305 0.092084 0.018824
43 0.662139 0.897182 0.094119 0.018824
43 0.661630 0.919821 0.090049 0.021368
43 0.662139 0.941443 0.092084 0.019841
55 0.510400 0.064541 0.084839 0.023262
55 0.510856 0.090312 0.083014 0.025543
55 0.511540 0.116311 0.082558 0.024631
56 0.595922 0.066594 0.082558 0.024631
56 0.596606 0.091680 0.083014 0.023718
56 0.596378 0.117451 0.080733 0.025087
56 0.679621 0.070015 0.079365 0.023262
56 0.678936 0.094873 0.080733 0.021894
56 0.678480 0.120188 0.080733 0.025999
48 0.224868 0.065608 0.086772 0.021164
48 0.226984 0.086772 0.085714 0.019048
48 0.228571 0.109259 0.085714 0.022751
48 0.153691 0.064248 0.054170 0.018896
48 0.154321 0.085979 0.059209 0.018267
48 0.155266 0.108025 0.062358 0.017007
46 0.237780 0.149282 0.082514 0.021416
46 0.240300 0.168178 0.083774 0.018896
46 0.237465 0.188650 0.084404 0.019526
46 0.237150 0.209436 0.085034 0.020786
46 0.159360 0.144558 0.065508 0.020786
46 0.160305 0.167234 0.069917 0.017007
46 0.159990 0.187705 0.065508 0.017637
46 0.160620 0.208491 0.068027 0.020156
46 0.179516 0.248803 0.095742 0.022676
46 0.178886 0.273369 0.099521 0.026455
46 0.181406 0.297934 0.093222 0.023936
46 0.181406 0.321240 0.097002 0.020156
46 0.183925 0.362497 0.095742 0.027085
46 0.184870 0.386432 0.097632 0.019526
46 0.186130 0.409423 0.096372 0.022676
46 0.188650 0.432099 0.097632 0.021416
46 0.186130 0.471781 0.095112 0.022676
46 0.186130 0.494457 0.093852 0.021416
46 0.187075 0.517448 0.095742 0.022046
46 0.190224 0.539179 0.095742 0.018896
46 0.192744 0.574452 0.090703 0.017637
46 0.191484 0.597128 0.094482 0.022676
46 0.191484 0.620118 0.093222 0.019526
46 0.193059 0.639960 0.093852 0.020156
46 0.202507 0.675233 0.090073 0.021416
46 0.202507 0.698854 0.090073 0.019526
46 0.202507 0.719955 0.091333 0.018896
46 0.204712 0.740741 0.090703 0.018896
46 0.204397 0.775384 0.095112 0.018896
46 0.203452 0.798375 0.088183 0.020786
46 0.205341 0.819791 0.090703 0.020786
46 0.205026 0.840577 0.092593 0.019526
50 0.209436 0.896951 0.101411 0.020156
50 0.211010 0.919312 0.100781 0.018267
50 0.213530 0.939783 0.100781 0.022676
7 0.748677 0.501764 0.031746 0.091711
7 0.785273 0.501571 0.029101 0.092097
7 0.827160 0.499862 0.033510 0.091986
7 0.861993 0.498953 0.023810 0.088514
26 0.769284 0.372459 0.018101 0.108605