81 0.427249 0.054233 0.171958 0.105820
81 0.603175 0.059524 0.169312 0.111111
81 0.754630 0.072751 0.133598 0.095238
81 0.253307 0.060847 0.173280 0.082011
42 0.722222 0.181878 0.142857 0.035714
42 0.722222 0.226852 0.145503 0.043651
42 0.720899 0.268519 0.145503 0.034392
41 0.572090 0.179894 0.144180 0.034392
41 0.574074 0.224206 0.145503 0.043651
41 0.572090 0.267857 0.141534 0.030423
43 0.422619 0.177249 0.154762 0.039683
43 0.421296 0.223545 0.154762 0.042328
56 0.236206 0.361867 0.156841 0.039683
56 0.238095 0.405329 0.160620 0.037793
56 0.240930 0.445956 0.151172 0.037793
39 0.408163 0.389267 0.177627 0.032124
39 0.409108 0.418556 0.175737 0.022676
37 0.589097 0.387377 0.174792 0.030234
37 0.586735 0.417611 0.177627 0.026455
38 0.751134 0.387850 0.145503 0.029289
38 0.752551 0.418084 0.152116 0.027400
15 0.851852 0.474868 0.044974 0.224868
45 0.284392 0.541667 0.164021 0.041005
45 0.285053 0.586640 0.162698 0.038360
45 0.286376 0.628307 0.162698 0.039683
50 0.465608 0.529762 0.195767 0.041005
50 0.462963 0.576720 0.193122 0.044974
50 0.464286 0.622354 0.193122 0.038360
46 0.644180 0.540344 0.161376 0.043651
46 0.644841 0.581349 0.162698 0.038360
46 0.644180 0.621693 0.164021 0.037037
47 0.782407 0.539683 0.104497 0.039683
47 0.779101 0.580026 0.103175 0.038360
47 0.801587 0.619048 0.148148 0.034392
47 0.199074 0.741402 0.138889 0.033069
47 0.198413 0.775132 0.142857 0.026455
47 0.197751 0.810847 0.138889 0.031746
48 0.341931 0.736111 0.144180 0.027778
48 0.341931 0.773148 0.144180 0.027778
48 0.343915 0.805556 0.142857 0.026455
45 0.427910 0.753968 0.025132 0.129630
45 0.457011 0.751984 0.025132 0.125661
45 0.486111 0.749339 0.025132 0.123016
46 0.511905 0.748016 0.029101 0.120370
46 0.538360 0.746032 0.026455 0.121693
46 0.566138 0.749339 0.023810 0.117725
47 0.587963 0.745370 0.025132 0.123016
47 0.617725 0.745370 0.021164 0.123016
47 0.645503 0.741402 0.026455 0.125661
33 0.724206 0.718254 0.130952 0.037037
33 0.723545 0.756614 0.129630 0.031746
33 0.724868 0.787037 0.126984 0.031746