81 0.172619 0.738757 0.054233 0.289683
81 0.241402 0.773810 0.067460 0.314815
81 0.321429 0.800265 0.079365 0.335979
81 0.406746 0.826720 0.078042 0.343915
81 0.507275 0.837302 0.096561 0.325396
81 0.623677 0.850529 0.109788 0.296296
81 0.761905 0.876323 0.124339 0.247354
12 0.826058 0.405423 0.083333 0.443122
9 0.740079 0.401455 0.075397 0.419312
9 0.652116 0.399471 0.055556 0.388889
8 0.576058 0.390873 0.075397 0.379630
8 0.509921 0.392196 0.072751 0.363757
7 0.437831 0.380952 0.084656 0.309524
26 0.350529 0.382275 0.055556 0.322751
26 0.304894 0.378968 0.043651 0.308201