81 0.306956 0.438453 0.072362 0.049020
81 0.387488 0.435730 0.079365 0.054466
81 0.468410 0.431839 0.073140 0.054466
81 0.545051 0.431450 0.072362 0.053688
81 0.628696 0.427949 0.082477 0.052910
81 0.416667 0.543495 0.095705 0.078587
81 0.320962 0.543495 0.089480 0.080143
81 0.512761 0.542717 0.096483 0.077031
81 0.609244 0.543106 0.096483 0.084034
81 0.695612 0.540772 0.063803 0.082477
81 0.323296 0.663710 0.084812 0.076253
81 0.406552 0.659041 0.080143 0.079365
81 0.490196 0.658652 0.077809 0.075475
81 0.573841 0.656707 0.084812 0.077809
81 0.660598 0.656318 0.084034 0.083256
81 0.333411 0.768752 0.089480 0.057579
81 0.424837 0.760971 0.090258 0.076253
81 0.518207 0.759026 0.088702 0.077031
81 0.611578 0.761360 0.091815 0.080143
81 0.683940 0.760582 0.051354 0.086368
81 0.322907 0.887021 0.093371 0.074697
81 0.422502 0.888189 0.094927 0.077031
81 0.517429 0.892079 0.094927 0.080143
81 0.615079 0.890523 0.097261 0.081699
81 0.693277 0.890523 0.049798 0.081699
81 0.696334 0.417139 0.045351 0.068972
1 0.758637 0.157174 0.034236 0.102708
1 0.795596 0.156007 0.033458 0.101930
1 0.834890 0.154840 0.034236 0.105820
1 0.866402 0.155618 0.017896 0.099595
3 0.747354 0.312014 0.047463 0.118270
3 0.801043 0.308512 0.042795 0.120604
3 0.850062 0.303455 0.045907 0.124494
81 0.279101 0.057540 0.088624 0.055556
81 0.370701 0.052579 0.083995 0.054894
81 0.457011 0.046296 0.084656 0.059524
81 0.545966 0.040675 0.089286 0.056217
81 0.638228 0.036706 0.092593 0.057540