9 0.197940 0.203609 0.076531 0.329743
9 0.271636 0.191327 0.070862 0.337302
9 0.391156 0.200302 0.066138 0.317460
9 0.455404 0.195106 0.066138 0.318405
11 0.592876 0.197940 0.135110 0.301398
12 0.751134 0.179989 0.058579 0.348639
12 0.820106 0.179989 0.064248 0.344860
8 0.161092 0.626890 0.063303 0.299509
8 0.231009 0.631141 0.070862 0.281557
8 0.295257 0.623583 0.068972 0.292895
8 0.368008 0.624055 0.078420 0.276833
9 0.439342 0.616969 0.062358 0.292895
9 0.504535 0.618859 0.060469 0.283447
11 0.600435 0.615079 0.125661 0.283447
11 0.728836 0.611772 0.124339 0.281746
12 0.830688 0.607143 0.074074 0.285714
84 0.471561 0.880952 0.067460 0.031746
84 0.667328 0.875000 0.046296 0.027778
84 0.270503 0.861772 0.051587 0.046296