44 0.504591 0.236539 0.154840 0.043573
44 0.495643 0.284002 0.155618 0.045129
44 0.496032 0.320184 0.156396 0.022565
44 0.510037 0.410442 0.140834 0.036570
44 0.503813 0.457127 0.145503 0.039683
44 0.493308 0.504980 0.144725 0.037348
44 0.497977 0.545051 0.146281 0.039683
44 0.494476 0.582400 0.140834 0.035014
44 0.503035 0.664099 0.137722 0.030345
44 0.504202 0.696001 0.138500 0.031902
44 0.504591 0.732960 0.134609 0.028011
44 0.505369 0.771086 0.140834 0.031124
44 0.507703 0.869514 0.128385 0.030345
44 0.515484 0.904528 0.131497 0.024121
44 0.512372 0.938764 0.125272 0.044351