39 0.368386 0.180556 0.242063 0.041005
39 0.371032 0.218915 0.252646 0.038360
39 0.376323 0.267196 0.250000 0.042328
39 0.376984 0.312169 0.240741 0.039683
37 0.611772 0.174603 0.234127 0.037037
37 0.621032 0.218254 0.242063 0.037037
37 0.621032 0.262566 0.242063 0.038360
37 0.619048 0.302249 0.230159 0.035714
81 0.806878 0.175926 0.142857 0.044974
81 0.806217 0.217593 0.133598 0.046296
81 0.808862 0.258598 0.130952 0.030423
81 0.808201 0.302910 0.134921 0.031746
46 0.329365 0.468254 0.201058 0.055556
46 0.324074 0.523810 0.208995 0.047619
46 0.330026 0.573413 0.205026 0.043651
46 0.333333 0.623677 0.214286 0.043651
50 0.548942 0.500661 0.232804 0.046296
50 0.546958 0.552249 0.231481 0.051587
50 0.552910 0.608466 0.230159 0.050265
50 0.772487 0.496693 0.201058 0.051587
50 0.771825 0.552249 0.205026 0.046296
50 0.776455 0.609788 0.201058 0.055556
47 0.289021 0.803571 0.191799 0.038360
47 0.296958 0.845899 0.183862 0.035714
47 0.301587 0.887566 0.182540 0.037037
46 0.470238 0.792989 0.165344 0.030423
46 0.472222 0.824735 0.158730 0.033069
46 0.470899 0.858466 0.164021 0.034392
46 0.469577 0.895503 0.156085 0.031746
48 0.630952 0.789021 0.169312 0.033069
48 0.632937 0.822090 0.157407 0.033069
48 0.631614 0.853836 0.157407 0.027778
48 0.630291 0.889550 0.157407 0.030423
48 0.797619 0.784392 0.164021 0.034392
48 0.791005 0.818783 0.153439 0.029101
48 0.792989 0.849868 0.165344 0.033069
48 0.789683 0.884259 0.156085 0.033069
84 0.246473 0.721781 0.060847 0.032628
84 0.649471 0.713845 0.055556 0.022046
84 0.579806 0.973545 0.046737 0.019400
84 0.228836 0.986772 0.041446 0.021164
84 0.508377 0.400353 0.043210 0.026455
84 0.498906 0.405045 0.030079 0.017091
90 0.385083 0.351723 0.257725 0.125103
84 0.645885 0.717460 0.032814 0.019825
84 0.236738 0.725321 0.026661 0.017774
84 0.567268 0.972860 0.021876 0.017091
84 0.220331 0.985165 0.022559 0.019825
90 0.554133 0.656559 0.233603 0.139263
90 0.326146 0.668913 0.211141 0.134771
90 0.299365 0.932278 0.182288 0.126909
90 0.489494 0.931389 0.183676 0.111492