21 0.445694 0.168283 0.021311 0.136684
21 0.471046 0.164976 0.026455 0.137419
5 0.504115 0.166079 0.044092 0.138154
5 0.545635 0.162037 0.037478 0.138889
5 0.629409 0.170855 0.028660 0.125661
5 0.669459 0.156158 0.038213 0.135949
26 0.269661 0.344817 0.034271 0.114839
26 0.296717 0.342112 0.023449 0.126263
9 0.319865 0.342412 0.024050 0.124459
9 0.346621 0.340308 0.021044 0.126263
9 0.367665 0.336400 0.023449 0.123256
9 0.391114 0.339105 0.025854 0.122655
13 0.416065 0.336700 0.022848 0.126263
13 0.440717 0.333393 0.024050 0.128066
13 0.462061 0.332191 0.024651 0.128066
13 0.487614 0.330988 0.024050 0.126864
8 0.510762 0.330087 0.025854 0.127465
8 0.535414 0.328884 0.024651 0.129870
8 0.558862 0.326479 0.023449 0.126263
8 0.581109 0.326780 0.023449 0.126864
12 0.604257 0.325577 0.022848 0.126864
12 0.625601 0.324675 0.018639 0.119048
15 0.654161 0.321368 0.020443 0.125661
15 0.676106 0.320166 0.021044 0.125661
7 0.298521 0.496332 0.048701 0.114839
7 0.344517 0.490320 0.044493 0.107624
7 0.391414 0.488516 0.045695 0.106421
7 0.434103 0.486412 0.045695 0.114238
11 0.483405 0.485810 0.046898 0.110630
11 0.529401 0.484007 0.045094 0.119048
11 0.575096 0.479798 0.045094 0.120250
27 0.617785 0.477393 0.041486 0.115440
14 0.657167 0.474687 0.032468 0.114839