46 0.335267 0.192308 0.214693 0.063085
46 0.339845 0.254884 0.211640 0.057998
46 0.341880 0.313899 0.209605 0.053928
46 0.345442 0.369353 0.200448 0.056980
81 0.559117 0.293549 0.220798 0.198413
33 0.769231 0.227411 0.187220 0.039683
33 0.755495 0.183659 0.184168 0.037648
33 0.767705 0.274217 0.184168 0.039683
33 0.763635 0.324074 0.182133 0.045788
33 0.761091 0.367318 0.181115 0.040700
33 0.762617 0.410053 0.176028 0.042735
46 0.176536 0.204009 0.108873 0.055963
46 0.182133 0.262515 0.107855 0.054945
46 0.182133 0.318987 0.113960 0.051893
46 0.185694 0.374440 0.121083 0.046805
32 0.722934 0.606431 0.173993 0.040700
32 0.720899 0.648148 0.176028 0.038665
32 0.719373 0.691392 0.175010 0.039683
32 0.716321 0.730566 0.172975 0.034595
32 0.718864 0.769231 0.171958 0.036630
47 0.544363 0.615588 0.170940 0.042735
47 0.542837 0.658323 0.171958 0.038665
47 0.545889 0.698514 0.167888 0.037648
47 0.544363 0.737179 0.164835 0.037648
47 0.548433 0.772792 0.170940 0.035613
48 0.364774 0.626781 0.180098 0.034595
48 0.371388 0.663411 0.179080 0.036630
48 0.372405 0.706146 0.177045 0.038665
48 0.373932 0.743284 0.178063 0.037648
48 0.380037 0.781441 0.173993 0.038665
48 0.379528 0.816545 0.170940 0.029508
46 0.199939 0.631868 0.147538 0.040700
46 0.204518 0.673586 0.158730 0.034595
46 0.199939 0.713268 0.155678 0.036630
46 0.205535 0.752951 0.160765 0.038665
46 0.208079 0.792633 0.161783 0.030525