12 0.459656 0.194692 0.076058 0.336475
12 0.533647 0.189732 0.065311 0.338128
12 0.273231 0.187252 0.066964 0.348049
12 0.347636 0.183118 0.080192 0.351356
12 0.387318 0.618386 0.070271 0.276124
12 0.450149 0.619213 0.065311 0.282738
12 0.511739 0.618386 0.057870 0.284392
12 0.577464 0.618386 0.065311 0.281085
13 0.636161 0.613839 0.048776 0.280258
13 0.696925 0.617973 0.054563 0.283565
13 0.759755 0.617146 0.054563 0.278604
13 0.831680 0.615493 0.066138 0.281911
13 0.689484 0.195933 0.066138 0.312500
13 0.761409 0.189732 0.061177 0.328208
11 0.287444 0.623728 0.110908 0.278795
11 0.173484 0.621693 0.090558 0.278795
11 0.168396 0.204518 0.084453 0.303215
84 0.703042 0.866402 0.072751 0.034392
84 0.476190 0.865079 0.063492 0.055556
84 0.194444 0.878307 0.055556 0.031746
84 0.699686 0.872457 0.054569 0.026822
90 0.697836 0.681465 0.060118 0.414354
84 0.464299 0.873381 0.042545 0.036071
90 0.451350 0.688402 0.070292 0.422679
84 0.184055 0.879856 0.044395 0.034221
90 0.174806 0.690714 0.096189 0.414354