84 0.400794 0.716270 0.150794 0.083333
84 0.615079 0.717593 0.140212 0.088624
84 0.794312 0.718915 0.109788 0.101852
15 0.242063 0.437169 0.068783 0.443122
15 0.314815 0.427910 0.068783 0.456349
24 0.429233 0.428571 0.144180 0.460317
26 0.552249 0.419312 0.104497 0.481481
26 0.642196 0.413360 0.104497 0.474868
23 0.744048 0.409392 0.096561 0.480159
23 0.834656 0.417328 0.084656 0.482804
84 0.442924 0.529088 0.089623 0.061321
84 0.619811 0.724057 0.081761 0.077044
90 0.634748 0.480346 0.105346 0.602201