38 0.310847 0.121032 0.227513 0.041005
38 0.305556 0.167989 0.243386 0.039683
38 0.314153 0.212963 0.239418 0.039683
38 0.315476 0.255291 0.228836 0.037037
45 0.548280 0.105159 0.228836 0.062169
45 0.538360 0.168651 0.216931 0.051587
45 0.537037 0.230820 0.211640 0.051587
45 0.767196 0.099206 0.214286 0.063492
45 0.759921 0.166005 0.218254 0.056878
45 0.757275 0.227513 0.220899 0.058201
48 0.505952 0.417328 0.199735 0.048942
48 0.503968 0.472222 0.206349 0.050265
48 0.503968 0.523810 0.206349 0.047619
48 0.505291 0.569444 0.206349 0.041005
48 0.716270 0.416667 0.215608 0.047619
48 0.719577 0.476190 0.224868 0.047619
48 0.716270 0.524471 0.220899 0.048942
48 0.714947 0.576058 0.207672 0.048942
50 0.273810 0.453704 0.235450 0.055556
50 0.283730 0.506614 0.228836 0.052910
50 0.287698 0.560847 0.218254 0.055556
53 0.653984 0.753190 0.162621 0.040461
53 0.651650 0.786648 0.157952 0.035792
53 0.648537 0.818550 0.157952 0.034236
53 0.646203 0.851618 0.156396 0.035014
53 0.493697 0.746187 0.154840 0.035792
53 0.496421 0.778089 0.157174 0.037348
53 0.495643 0.813881 0.147837 0.034236
53 0.492919 0.845394 0.147059 0.033458
36 0.337691 0.738796 0.155618 0.038126
36 0.341192 0.771086 0.156396 0.034236
36 0.342359 0.801821 0.155618 0.033458
36 0.343915 0.834111 0.152505 0.034236
36 0.191021 0.730626 0.131497 0.034236
36 0.193355 0.764472 0.140834 0.030345
36 0.196857 0.796374 0.140056 0.033458
36 0.196857 0.828665 0.143168 0.035792
84 0.635334 0.348049 0.093419 0.042989
84 0.568783 0.672950 0.051257 0.031415
84 0.170304 0.661789 0.039683 0.020668
84 0.534888 0.932540 0.034722 0.028108
84 0.141782 0.901124 0.037202 0.019841