81 0.257523 0.176091 0.195933 0.160384
81 0.461723 0.172371 0.200893 0.162864
81 0.671710 0.182705 0.199239 0.145503
81 0.496445 0.388558 0.184358 0.150463
81 0.305473 0.417080 0.192626 0.100033
81 0.688244 0.392278 0.190972 0.149636
81 0.335235 0.589038 0.169478 0.134755
81 0.512566 0.590278 0.173611 0.140542
81 0.700231 0.591931 0.185185 0.138889
81 0.356316 0.777116 0.181878 0.125661
81 0.542741 0.811012 0.187665 0.077712
81 0.722553 0.798611 0.163690 0.099206
81 0.192626 0.777530 0.128968 0.118221