84 0.221193 0.242504 0.055850 0.023516
84 0.478395 0.236626 0.054380 0.016167
84 0.396091 0.513301 0.055850 0.021311
84 0.676073 0.510729 0.055850 0.017637
84 0.665417 0.776382 0.050705 0.024250
84 0.505952 0.776382 0.028660 0.019841
84 0.257937 0.783363 0.032334 0.019106
81 0.244320 0.905696 0.234983 0.138500
81 0.476969 0.892857 0.213196 0.154840
81 0.695223 0.911142 0.213974 0.104264
45 0.437831 0.317460 0.238095 0.060847
45 0.436508 0.378307 0.230159 0.055556
49 0.708333 0.294974 0.297619 0.063492
49 0.709656 0.367063 0.294974 0.067460
49 0.707672 0.437169 0.288360 0.059524
45 0.435185 0.316799 0.232804 0.056878
45 0.437831 0.376323 0.232804 0.051587
38 0.215608 0.308201 0.193122 0.047619
38 0.220899 0.359788 0.193122 0.047619
38 0.219577 0.408069 0.193122 0.038360
46 0.263228 0.565476 0.208995 0.046296
46 0.264550 0.614418 0.211640 0.046296
46 0.265212 0.662698 0.212963 0.044974
48 0.479497 0.556878 0.212963 0.044974
48 0.476190 0.608466 0.214286 0.042328
48 0.476852 0.655423 0.202381 0.048942
47 0.693783 0.603836 0.207672 0.051587
47 0.689153 0.653439 0.201058 0.039683
56 0.724206 0.102513 0.228836 0.067460
55 0.490741 0.108466 0.230159 0.066138
42 0.257275 0.112434 0.228836 0.063492