12 0.728175 0.732143 0.070106 0.300265
12 0.658069 0.736111 0.056878 0.305556
12 0.589947 0.734788 0.063492 0.305556
12 0.519180 0.733466 0.064815 0.305556
12 0.449735 0.734788 0.066138 0.305556
12 0.375661 0.734127 0.066138 0.298942
12 0.418651 0.259921 0.067460 0.363757
12 0.491402 0.268519 0.062169 0.362434
12 0.646164 0.259921 0.062169 0.384921
12 0.717593 0.257937 0.064815 0.375661
13 0.310185 0.734788 0.062169 0.294974
13 0.244709 0.732804 0.058201 0.298942
11 0.164021 0.732804 0.076720 0.309524
9 0.277778 0.275794 0.074074 0.345238
9 0.200397 0.271164 0.072751 0.357143