81 0.261905 0.830688 0.206349 0.164021
81 0.474868 0.830688 0.206349 0.161376
81 0.703704 0.880291 0.227513 0.054233
38 0.220899 0.246032 0.190476 0.044974
38 0.222222 0.292989 0.190476 0.046296
38 0.218915 0.340608 0.197090 0.043651
45 0.439815 0.251323 0.236772 0.058201
45 0.435185 0.308201 0.232804 0.060847
49 0.709656 0.226190 0.310847 0.063492
49 0.710979 0.300265 0.300265 0.060847
49 0.710979 0.373677 0.297619 0.067460
46 0.252646 0.545635 0.214286 0.048942
46 0.256614 0.595899 0.208995 0.041005
48 0.463624 0.539683 0.207672 0.044974
48 0.467593 0.590608 0.212963 0.046296
47 0.677249 0.541005 0.206349 0.047619
47 0.677910 0.590608 0.205026 0.051587
55 0.494048 0.041005 0.228836 0.071429
56 0.728836 0.034392 0.232804 0.060847
42 0.254630 0.042989 0.239418 0.067460
84 0.396825 0.448413 0.055556 0.018519
84 0.674603 0.447751 0.034392 0.014550
84 0.158730 0.457672 0.026455 0.018519
84 0.259259 0.716931 0.037037 0.018519
84 0.501323 0.717593 0.037037 0.014550
84 0.659392 0.719577 0.030423 0.021164
84 0.215608 0.175265 0.034392 0.019841
84 0.456349 0.173280 0.031746 0.023810