44 0.455688 0.217593 0.175926 0.046296
44 0.447090 0.276455 0.179894 0.047619
44 0.443122 0.314815 0.177249 0.021164
44 0.467593 0.421958 0.160053 0.037037
44 0.455688 0.473545 0.160053 0.042328
44 0.443122 0.532407 0.161376 0.054233
44 0.443783 0.578704 0.157407 0.043651
44 0.446429 0.617725 0.157407 0.042328
44 0.451058 0.717593 0.161376 0.041005
44 0.459656 0.755291 0.167989 0.042328
44 0.458995 0.793651 0.158730 0.039683
44 0.461640 0.838624 0.158730 0.055556
44 0.465608 0.951720 0.153439 0.043651