81 0.328042 0.815476 0.089947 0.326720
81 0.420635 0.824074 0.087302 0.333333
81 0.525794 0.841931 0.109788 0.316138
81 0.647487 0.848545 0.117725 0.302910
81 0.783730 0.859788 0.138889 0.272487
20 0.484788 0.389550 0.091270 0.347884
21 0.248016 0.383598 0.075397 0.330688
21 0.308201 0.376984 0.063492 0.325397
19 0.359127 0.376984 0.078042 0.335979
19 0.412698 0.380952 0.066138 0.357143
23 0.560185 0.383598 0.064815 0.388889
23 0.627646 0.374339 0.062169 0.399471
14 0.734788 0.372354 0.133598 0.419312
15 0.844577 0.378968 0.054233 0.429894