50 0.398810 0.206349 0.244709 0.029101
50 0.387566 0.255952 0.261905 0.051587
50 0.396164 0.320106 0.257937 0.055556
50 0.403439 0.383598 0.251323 0.066138
46 0.642196 0.212963 0.234127 0.044974
46 0.642857 0.269180 0.248677 0.056878
46 0.648810 0.327381 0.242063 0.056878
46 0.656085 0.384921 0.235450 0.052910
46 0.691799 0.656746 0.190476 0.038360
46 0.695106 0.712302 0.197090 0.046296
46 0.697090 0.757275 0.198413 0.041005
46 0.697751 0.798942 0.194444 0.044974
46 0.694444 0.845238 0.195767 0.050265
81 0.498016 0.773810 0.202381 0.264550
81 0.835979 0.751984 0.079365 0.234127
48 0.292989 0.656746 0.199735 0.048942
48 0.283730 0.716931 0.207672 0.047619
48 0.285053 0.769180 0.207672 0.043651
48 0.287698 0.816138 0.202381 0.050265
48 0.288360 0.873677 0.206349 0.056878