81 0.589947 0.794974 0.476190 0.378307
81 0.535714 0.492063 0.383598 0.113757
81 0.575764 0.038948 0.515138 0.070547
1 0.353836 0.176367 0.037478 0.101411
1 0.392416 0.177837 0.032334 0.105820
1 0.431364 0.177102 0.036743 0.107290
1 0.474721 0.176734 0.033804 0.108025
1 0.519180 0.177102 0.038948 0.105820
1 0.558862 0.173060 0.030129 0.109494
0 0.600015 0.174162 0.041887 0.102881
0 0.644106 0.171958 0.038948 0.102881
0 0.691138 0.170855 0.038948 0.108025
0 0.735964 0.167181 0.036008 0.108025
0 0.777116 0.166446 0.038948 0.106555
84 0.577234 0.238095 0.036008 0.016167
84 0.619489 0.400867 0.023516 0.015432
3 0.357878 0.332892 0.049971 0.121987
3 0.410420 0.335097 0.047766 0.126396
3 0.462596 0.331790 0.047766 0.124192
3 0.512566 0.331055 0.047766 0.121252
3 0.565844 0.332158 0.048501 0.120517
2 0.619856 0.328483 0.044827 0.124927
2 0.672766 0.329218 0.049236 0.121987
2 0.723839 0.324809 0.041152 0.126396