9 0.316023 0.669427 0.022429 0.093168
9 0.347078 0.674891 0.021279 0.091442
9 0.371233 0.664251 0.016678 0.079365
13 0.397401 0.664826 0.023004 0.093168
13 0.422418 0.656487 0.020129 0.096043
26 0.453186 0.661663 0.021854 0.089142
21 0.476766 0.659938 0.019554 0.090292
15 0.313722 0.543766 0.025880 0.091442
15 0.344203 0.546354 0.018979 0.089717
15 0.153673 0.370370 0.028789 0.127607
15 0.181684 0.372316 0.030345 0.126829
8 0.319264 0.791546 0.024050 0.084776
8 0.351431 0.795154 0.022246 0.087181
8 0.374278 0.791546 0.022246 0.087181
11 0.407648 0.788540 0.040885 0.085979
11 0.445527 0.783730 0.038480 0.081169
11 0.489719 0.781025 0.040284 0.086580
11 0.526996 0.773509 0.035474 0.077561
11 0.565777 0.778620 0.036075 0.081770
14 0.600649 0.774110 0.034873 0.078764
14 0.634921 0.773208 0.025253 0.079365
14 0.667388 0.768098 0.030063 0.072751
27 0.407347 0.902177 0.030664 0.073954
27 0.440416 0.898268 0.029461 0.074555
7 0.327381 0.901575 0.043891 0.070346
7 0.367063 0.904281 0.040284 0.075758
5 0.161606 0.211928 0.042558 0.129400