84 0.747354 0.707011 0.111111 0.093915
84 0.336640 0.689153 0.083333 0.071429
84 0.182540 0.693783 0.079365 0.059524
26 0.158069 0.410053 0.067460 0.486772
26 0.246032 0.402116 0.084656 0.455026
23 0.341931 0.411376 0.072751 0.462963
23 0.429233 0.416667 0.067460 0.457672
23 0.524471 0.395503 0.070106 0.468254
23 0.619709 0.394180 0.080688 0.486772
5 0.759921 0.381614 0.157407 0.522487
84 0.745597 0.696541 0.088050 0.122642
84 0.334434 0.690252 0.077044 0.078616
84 0.186635 0.691038 0.077044 0.073899
90 0.758962 0.436321 0.177673 0.652516
90 0.330503 0.457547 0.084906 0.556604
90 0.182704 0.455975 0.106918 0.559748