40 0.314815 0.058862 0.169312 0.044974
40 0.316468 0.108796 0.166005 0.046958
44 0.486442 0.049603 0.168651 0.048942
44 0.488426 0.102513 0.167328 0.048942
43 0.657407 0.058532 0.165344 0.042989
43 0.656746 0.107804 0.167989 0.046296
41 0.810516 0.055886 0.131614 0.046958
41 0.806878 0.104828 0.133598 0.045635
55 0.349206 0.262566 0.165344 0.043651
55 0.349206 0.307540 0.166667 0.042328
56 0.517376 0.260943 0.164141 0.044493
56 0.517376 0.306938 0.162939 0.042689
56 0.686027 0.258838 0.165945 0.046296
56 0.683021 0.306938 0.162338 0.043891
45 0.317460 0.456349 0.171958 0.041152
45 0.321135 0.500073 0.167549 0.037478
45 0.396091 0.822310 0.123457 0.027925
45 0.396091 0.849868 0.129336 0.024250
45 0.393886 0.873016 0.130805 0.022046
45 0.393151 0.900573 0.126396 0.022781
48 0.529101 0.824882 0.138154 0.037478
48 0.530203 0.859788 0.134480 0.033804
48 0.529101 0.896531 0.138154 0.030864
48 0.669827 0.827822 0.140359 0.036008
48 0.667989 0.862360 0.139624 0.030129
48 0.667989 0.896899 0.135215 0.030129
48 0.338828 0.637464 0.160765 0.037648
48 0.337302 0.678673 0.161783 0.038665
48 0.507733 0.635429 0.168905 0.037648
48 0.509768 0.677147 0.166870 0.037648
48 0.682234 0.635429 0.169923 0.041718
48 0.678673 0.677147 0.170940 0.035613
49 0.507224 0.443630 0.208588 0.042735
49 0.511803 0.491453 0.209605 0.044770
46 0.706654 0.455332 0.173993 0.043753
46 0.705128 0.501119 0.181115 0.041718