40 0.546296 0.031746 0.227513 0.060847
40 0.544312 0.099206 0.226190 0.060847
40 0.549603 0.161376 0.220899 0.060847
44 0.769180 0.019180 0.197090 0.038360
44 0.764550 0.076058 0.206349 0.067460
44 0.769180 0.149471 0.205026 0.063492
55 0.427910 0.398148 0.210317 0.055556
55 0.431878 0.456349 0.205026 0.052910
55 0.433201 0.511905 0.202381 0.055556
55 0.433201 0.569444 0.202381 0.051587
55 0.643519 0.394841 0.215608 0.059524
55 0.645503 0.456349 0.214286 0.055556
55 0.643519 0.512566 0.210317 0.054233
55 0.643519 0.570767 0.212963 0.056878
56 0.812831 0.392196 0.125661 0.056878
56 0.814153 0.454365 0.123016 0.056878
56 0.812831 0.514550 0.125661 0.055556
45 0.333333 0.689815 0.203704 0.054233
45 0.339286 0.742063 0.199735 0.042328
45 0.345238 0.796296 0.203704 0.052910
49 0.574735 0.683201 0.273810 0.051587
49 0.578042 0.734788 0.264550 0.056878
49 0.574735 0.795635 0.265873 0.064815
49 0.575397 0.857804 0.248677 0.046296
46 0.794312 0.690476 0.160053 0.047619
46 0.794974 0.743386 0.164021 0.055556
46 0.792989 0.802910 0.165344 0.052910
46 0.791667 0.859788 0.160053 0.050265
84 0.510247 0.299827 0.035242 0.016265
90 0.549827 0.222023 0.220668 0.175125
84 0.604045 0.650618 0.033073 0.013012
90 0.643013 0.572669 0.216024 0.178425