81 0.497354 0.250000 0.269841 0.251323
46 0.239418 0.142857 0.230159 0.050265
46 0.233466 0.207672 0.220899 0.063492
46 0.237434 0.273810 0.231481 0.068783
46 0.242725 0.343254 0.231481 0.067460
33 0.751323 0.167328 0.219577 0.041005
33 0.757275 0.226190 0.223545 0.052910
33 0.757275 0.282407 0.226190 0.051587
33 0.757275 0.342593 0.226190 0.050265
33 0.750661 0.400132 0.215608 0.051587
48 0.289683 0.640873 0.195767 0.041005
48 0.281085 0.703704 0.212963 0.042328
48 0.285714 0.750661 0.211640 0.038360
48 0.290344 0.793651 0.212963 0.031746
48 0.294974 0.837963 0.201058 0.038360
47 0.496032 0.578704 0.187831 0.048942
47 0.495370 0.636243 0.199735 0.047619
47 0.492725 0.695767 0.207672 0.039683
47 0.496032 0.746032 0.206349 0.044974
47 0.497354 0.792328 0.203704 0.042328
47 0.496032 0.832672 0.198413 0.038360
32 0.699735 0.628307 0.208995 0.052910
32 0.706349 0.691138 0.219577 0.046296
32 0.708333 0.736111 0.220899 0.048942
32 0.707011 0.785714 0.215608 0.047619
32 0.705688 0.835317 0.207672 0.041005