20 0.746693 0.187169 0.062169 0.305556
20 0.638889 0.196429 0.063492 0.308201
5 0.172619 0.214286 0.091270 0.272487
21 0.261243 0.214286 0.064815 0.298942
21 0.341931 0.220238 0.070106 0.300265
24 0.391534 0.547619 0.092593 0.248677
24 0.496032 0.523148 0.084656 0.234127
7 0.597222 0.537037 0.109788 0.232804
8 0.676587 0.533730 0.056878 0.242063
9 0.732143 0.529762 0.043651 0.223545
14 0.226190 0.539683 0.111111 0.243386
15 0.305556 0.547619 0.066138 0.240741
13 0.522487 0.798942 0.055556 0.253968
12 0.584656 0.807540 0.052910 0.234127
12 0.654762 0.808862 0.058201 0.239418
11 0.745370 0.808862 0.096561 0.239418