43 0.263158 0.413186 0.118351 0.029936
43 0.257240 0.447647 0.121832 0.025063
43 0.262462 0.477235 0.116959 0.025759
43 0.264898 0.502994 0.117655 0.018797
41 0.378028 0.409705 0.111390 0.029936
41 0.376288 0.441729 0.114871 0.027151
41 0.377332 0.475146 0.111390 0.025759
41 0.379421 0.499513 0.114174 0.011835
41 0.491158 0.406920 0.112086 0.028544
41 0.491507 0.439641 0.114174 0.025759
41 0.492551 0.472710 0.109301 0.027847
41 0.493595 0.494291 0.114174 0.015316
42 0.604985 0.404135 0.109997 0.029936
42 0.607769 0.436856 0.111390 0.028544
42 0.607421 0.468881 0.110693 0.028544
42 0.606029 0.492551 0.112086 0.017405
55 0.273253 0.591061 0.113478 0.027847
55 0.276734 0.619953 0.110693 0.027151
55 0.279170 0.647800 0.109997 0.027151
55 0.280563 0.677736 0.108605 0.027151
55 0.283695 0.702102 0.106516 0.020189
55 0.385686 0.586884 0.111390 0.026455
55 0.386731 0.616820 0.112086 0.027847
55 0.389167 0.644667 0.111390 0.027847
55 0.390908 0.674255 0.106516 0.027151
55 0.391604 0.698622 0.107909 0.018797
56 0.499513 0.584099 0.110693 0.030632
56 0.496728 0.612643 0.112086 0.029240
56 0.499861 0.644319 0.107212 0.025759
56 0.500209 0.671470 0.109301 0.025759
56 0.500905 0.694444 0.105124 0.018797
56 0.610902 0.579574 0.109301 0.028544
56 0.609858 0.611598 0.104428 0.028544
56 0.607769 0.638750 0.111390 0.024366
56 0.608466 0.668338 0.105820 0.025063
56 0.609162 0.692356 0.107212 0.020189
39 0.316764 0.787733 0.126706 0.020189
39 0.318505 0.805486 0.127402 0.016708
39 0.318853 0.824631 0.130883 0.017405
39 0.326163 0.843428 0.126009 0.014620
37 0.444514 0.782860 0.127402 0.018797
37 0.446951 0.803397 0.125313 0.020886
37 0.451128 0.820106 0.122529 0.013924
37 0.450432 0.838903 0.123921 0.015316
38 0.573656 0.766151 0.123921 0.018797
38 0.575745 0.792258 0.125313 0.020886
38 0.575745 0.813144 0.119744 0.015316
38 0.575397 0.831593 0.120440 0.014620
38 0.646756 0.790518 0.018101 0.093985
38 0.665901 0.787037 0.018797 0.095377
38 0.693052 0.788081 0.022974 0.089112
38 0.567391 0.932192 0.121136 0.009747
38 0.564954 0.911306 0.119048 0.012531
38 0.567043 0.897730 0.117655 0.006266
38 0.564954 0.887984 0.116263 0.007658
38 0.673907 0.900863 0.019493 0.057087
38 0.653718 0.903996 0.020886 0.057783
38 0.632136 0.903996 0.015316 0.054999
37 0.443470 0.897730 0.119744 0.018797
37 0.444166 0.916527 0.116959 0.016012
37 0.446603 0.936021 0.120440 0.016012
39 0.319549 0.900515 0.125313 0.021582
39 0.323030 0.921401 0.125313 0.016012
39 0.321637 0.939153 0.122529 0.012531