13 0.376323 0.261905 0.056878 0.238095
13 0.437831 0.265212 0.050265 0.234127
12 0.501984 0.262566 0.041005 0.239418
12 0.560185 0.256614 0.033069 0.219577
11 0.632275 0.258598 0.079365 0.215608
9 0.410053 0.525794 0.047619 0.170635
9 0.458333 0.528439 0.035714 0.154762
8 0.513889 0.525794 0.038360 0.138889
8 0.555556 0.526455 0.034392 0.158730
8 0.591270 0.518519 0.031746 0.137566
8 0.631614 0.511243 0.041005 0.144180
23 0.422619 0.767196 0.041005 0.132275
23 0.462963 0.765212 0.034392 0.115079
27 0.509921 0.765873 0.054233 0.116402
15 0.557540 0.752646 0.030423 0.132275
15 0.593254 0.745370 0.033069 0.128307
14 0.638889 0.722222 0.050265 0.137566
21 0.526455 0.947090 0.031746 0.103175
21 0.560847 0.940476 0.029101 0.100529
5 0.607804 0.934524 0.048942 0.083333