41 0.251323 0.074074 0.164021 0.039683
41 0.248677 0.121693 0.164021 0.044974
42 0.421296 0.067460 0.165344 0.047619
42 0.417989 0.113095 0.164021 0.041005
42 0.591931 0.064153 0.170635 0.046296
42 0.587963 0.112434 0.167989 0.044974
42 0.588624 0.160714 0.169312 0.035714
39 0.303571 0.267857 0.194444 0.033069
39 0.302249 0.302910 0.194444 0.029101
39 0.304894 0.335979 0.194444 0.026455
37 0.501323 0.264550 0.198413 0.034392
37 0.499339 0.300265 0.194444 0.037037
37 0.501323 0.329365 0.195767 0.029101
38 0.703704 0.258598 0.203704 0.035714
38 0.704365 0.294312 0.212963 0.030423
38 0.703704 0.328042 0.211640 0.023810
50 0.528439 0.453704 0.199735 0.039683
50 0.530423 0.500661 0.195767 0.046296
50 0.535053 0.534392 0.202381 0.013228
46 0.341931 0.466270 0.178571 0.046296
46 0.344577 0.513228 0.175926 0.039683
46 0.190476 0.466931 0.126984 0.044974
46 0.187169 0.510582 0.130952 0.047619
46 0.312831 0.632937 0.141534 0.030423
46 0.314815 0.661376 0.145503 0.034392
46 0.313492 0.701720 0.142857 0.035714
46 0.459656 0.632275 0.144180 0.026455
46 0.462963 0.662698 0.145503 0.037037
46 0.462302 0.698413 0.146825 0.034392
46 0.289683 0.826720 0.119048 0.026455
46 0.289021 0.852513 0.125661 0.030423
46 0.291005 0.877646 0.126984 0.027778
47 0.722222 0.462963 0.182540 0.042328
47 0.723545 0.506614 0.179894 0.039683
47 0.765873 0.697090 0.158730 0.031746
47 0.759921 0.668651 0.146825 0.041005
47 0.759921 0.632937 0.149471 0.030423
47 0.414021 0.829365 0.119048 0.026455
47 0.416667 0.856481 0.124339 0.027778
47 0.416005 0.875661 0.123016 0.021164
48 0.185847 0.642857 0.120370 0.044974
48 0.183201 0.685185 0.123016 0.039683
48 0.171958 0.834656 0.097884 0.034392
48 0.175265 0.867725 0.101852 0.031746
48 0.175265 0.897487 0.096561 0.025132
48 0.611111 0.700397 0.148148 0.035714
48 0.611772 0.666667 0.154762 0.034392
48 0.609788 0.631614 0.150794 0.030423
32 0.552249 0.837302 0.141534 0.042328
32 0.552910 0.871693 0.137566 0.037037
33 0.695106 0.836640 0.141534 0.035714
33 0.695767 0.874339 0.142857 0.034392