81 0.395503 0.846561 0.359788 0.306878
81 0.257275 0.273148 0.247354 0.332011
45 0.545635 0.064815 0.308201 0.063492
45 0.547619 0.139550 0.325397 0.085979
45 0.549603 0.229497 0.321429 0.088624
45 0.550265 0.316138 0.317460 0.074074
47 0.731481 0.708995 0.280423 0.074074
47 0.732143 0.777778 0.289683 0.063492
47 0.731481 0.841931 0.291005 0.059524
47 0.734127 0.907407 0.288360 0.058201
47 0.730159 0.972222 0.293651 0.055556
84 0.489069 0.500150 0.055406 0.019467
90 0.545772 0.397973 0.314465 0.234102
84 0.212264 0.503422 0.050869 0.024972
90 0.250858 0.457833 0.255860 0.170097
88 0.212979 0.416381 0.180103 0.055746