84 0.425926 0.319444 0.100529 0.043651
84 0.603836 0.311508 0.059524 0.025132
84 0.667989 0.687831 0.082011 0.031746
84 0.724206 0.972222 0.056878 0.042328
84 0.218915 0.939815 0.062169 0.043651
84 0.843915 0.691138 0.058201 0.046296
84 0.847222 0.306217 0.051587 0.046296
84 0.152778 0.328704 0.059524 0.030423
45 0.414021 0.551257 0.060847 0.212302
45 0.468585 0.552910 0.050926 0.210317
45 0.524140 0.550595 0.058862 0.210979
49 0.584987 0.519841 0.062831 0.267196
49 0.648148 0.520833 0.063492 0.275794
49 0.716270 0.521495 0.064815 0.281085
50 0.784061 0.529101 0.069444 0.268519
50 0.845899 0.522817 0.054233 0.263889
46 0.689153 0.840939 0.044974 0.183201
46 0.736111 0.844907 0.046296 0.196429
46 0.785053 0.842262 0.046296 0.192460
48 0.833333 0.847884 0.044974 0.194444
4 0.208003 0.837632 0.040344 0.107804
4 0.252315 0.838294 0.040344 0.106481
3 0.316799 0.804563 0.074074 0.185847
2 0.392857 0.802249 0.070106 0.175926
2 0.467593 0.808532 0.064815 0.187169
40 0.378638 0.184193 0.061508 0.221561
40 0.440146 0.182540 0.061508 0.219577
40 0.499339 0.175595 0.063492 0.224206
44 0.565146 0.167659 0.064153 0.212302
44 0.631283 0.169643 0.064153 0.224206
41 0.696429 0.167659 0.056878 0.221561
41 0.759590 0.164683 0.056217 0.223545
41 0.825728 0.163690 0.068122 0.230820
84 0.416749 0.312645 0.054618 0.047997
84 0.603774 0.311817 0.041377 0.033102
84 0.492363 0.698675 0.038185 0.025831
84 0.659142 0.688005 0.064016 0.042677
84 0.846698 0.695305 0.052785 0.039308
84 0.209906 0.943509 0.030323 0.039308
84 0.431155 0.920485 0.048293 0.031447
84 0.720912 0.972147 0.050539 0.035939
90 0.514675 0.583988 0.075996 0.273847
90 0.397406 0.210954 0.103512 0.262055
90 0.580189 0.200472 0.091719 0.275157
90 0.658281 0.552542 0.075996 0.334119
90 0.848270 0.556473 0.057652 0.339361
90 0.706761 0.871593 0.078616 0.241090
90 0.406709 0.828354 0.096960 0.222746
90 0.205582 0.877490 0.051101 0.187369