47 0.773369 0.537919 0.054674 0.225750
47 0.716931 0.539242 0.054674 0.221340
47 0.661817 0.541005 0.053792 0.221340
47 0.605379 0.540123 0.052028 0.216049
48 0.551587 0.542328 0.052028 0.215168
48 0.499118 0.539242 0.054674 0.212522
46 0.444444 0.543210 0.058201 0.218695
46 0.390212 0.542769 0.062610 0.217813
46 0.336861 0.545855 0.052910 0.209877
46 0.279541 0.547178 0.056437 0.212522
50 0.228836 0.534392 0.064374 0.241623
50 0.166226 0.533951 0.066138 0.238977
38 0.827601 0.158730 0.043210 0.266314
38 0.778660 0.166226 0.044092 0.265432
38 0.730379 0.162478 0.045414 0.254409
38 0.686949 0.164021 0.042328 0.261023
37 0.642416 0.167549 0.044974 0.262787
37 0.598325 0.169312 0.052028 0.262787
37 0.552469 0.170635 0.048501 0.256614
37 0.506614 0.171517 0.050265 0.258377
39 0.463845 0.174603 0.047619 0.259259
39 0.417989 0.174162 0.054674 0.263668
39 0.373457 0.173280 0.052028 0.265432
55 0.326279 0.205026 0.056437 0.212522
55 0.268519 0.205467 0.062610 0.209877
42 0.216931 0.205908 0.058201 0.207231
42 0.160053 0.205467 0.055556 0.204586
33 0.777778 0.823633 0.045855 0.171076
33 0.729718 0.822310 0.043210 0.166667
33 0.688272 0.825397 0.039683 0.162257
32 0.641975 0.823633 0.045855 0.167549
51 0.605820 0.830247 0.035273 0.156085
46 0.502205 0.830688 0.036155 0.148148
45 0.434303 0.828042 0.032628 0.149912
45 0.466490 0.828042 0.033510 0.149912
51 0.570106 0.828042 0.034392 0.148148
51 0.534832 0.823192 0.032628 0.150794
53 0.398589 0.820106 0.049383 0.158730
53 0.355379 0.822310 0.047619 0.157848
53 0.312610 0.822310 0.046737 0.163139
53 0.272046 0.818342 0.041446 0.160494
36 0.227072 0.819665 0.050265 0.170194
36 0.188713 0.817901 0.042328 0.168430
46 0.151235 0.818783 0.048501 0.164903
84 0.741402 0.328042 0.056878 0.047619
84 0.561508 0.326720 0.048942 0.042328
84 0.455688 0.335317 0.054233 0.035714
84 0.346561 0.332011 0.052910 0.037037
84 0.211640 0.330026 0.060847 0.030423
84 0.726190 0.675265 0.058201 0.033069
84 0.511905 0.678571 0.047619 0.037037
84 0.158069 0.683201 0.054233 0.038360
84 0.210317 0.937831 0.050265 0.039683
84 0.328704 0.944444 0.048942 0.034392
84 0.337302 0.686508 0.034392 0.039683
84 0.730670 0.679800 0.042545 0.035146
90 0.723733 0.562338 0.060118 0.273770
84 0.514706 0.681188 0.043470 0.028672
90 0.504532 0.566500 0.067518 0.267296
84 0.340825 0.690437 0.030522 0.024972
90 0.336201 0.573437 0.063818 0.273770
84 0.735123 0.319908 0.048379 0.044751
90 0.737542 0.190493 0.053217 0.318094
84 0.563377 0.326560 0.060474 0.036284
84 0.457547 0.334422 0.056846 0.027818
84 0.346880 0.330793 0.060474 0.037494
84 0.213232 0.332608 0.064103 0.036284
84 0.159410 0.682269 0.058055 0.035075
84 0.212022 0.937470 0.047170 0.039913
84 0.329342 0.947146 0.035075 0.037494
84 0.464804 0.945331 0.037494 0.029028
90 0.565191 0.199565 0.081035 0.316884
90 0.335389 0.229802 0.083454 0.258829
90 0.216860 0.234035 0.066522 0.252782
90 0.160015 0.559386 0.068940 0.291485
90 0.202951 0.848573 0.082245 0.224964
90 0.325714 0.857039 0.066522 0.224964
90 0.465409 0.860668 0.043541 0.210450