42 0.699818 0.073165 0.189319 0.053737
42 0.698578 0.128555 0.181878 0.053737
42 0.697751 0.181052 0.181878 0.052910
42 0.512979 0.078125 0.182705 0.052083
42 0.517526 0.131448 0.186839 0.047950
42 0.516286 0.183532 0.184358 0.046296
41 0.329448 0.083499 0.179398 0.051257
41 0.331515 0.137235 0.181878 0.051257
41 0.334408 0.186012 0.181052 0.047950
43 0.181052 0.090526 0.114087 0.052083
43 0.181465 0.140542 0.116567 0.049603
43 0.184358 0.191386 0.122354 0.042163
38 0.673363 0.383598 0.210813 0.036376
38 0.680390 0.419974 0.219907 0.033069
38 0.680390 0.458829 0.214947 0.033069
38 0.677497 0.492725 0.215774 0.034722
38 0.674190 0.529927 0.207507 0.041336
37 0.462963 0.387731 0.208333 0.033069
37 0.465856 0.422867 0.210813 0.033896
37 0.468750 0.458416 0.209987 0.037202
37 0.467510 0.491485 0.205853 0.030589
39 0.252563 0.388145 0.210813 0.035549
39 0.255870 0.424107 0.209160 0.036376
39 0.258350 0.460069 0.207507 0.035549
39 0.260003 0.494378 0.205853 0.029762
36 0.654349 0.631200 0.187665 0.043816
36 0.657242 0.676670 0.191799 0.042163
36 0.662616 0.725446 0.195933 0.048776
46 0.463376 0.635334 0.192626 0.047123
46 0.465856 0.678323 0.190972 0.045470
46 0.471230 0.726687 0.191799 0.044643
46 0.274058 0.633267 0.187665 0.044643
46 0.276951 0.679977 0.190146 0.045470
46 0.281911 0.727100 0.186839 0.043816
33 0.694444 0.901027 0.154840 0.034236
33 0.693666 0.936819 0.157952 0.032680
33 0.689776 0.971833 0.145503 0.031124
34 0.541939 0.889745 0.136166 0.028789
34 0.544273 0.928260 0.140834 0.026455
34 0.541161 0.959384 0.136166 0.031124
45 0.399369 0.897436 0.147538 0.030525
45 0.404457 0.928978 0.137363 0.028490
45 0.404457 0.957468 0.133293 0.032560
84 0.448696 0.588924 0.030864 0.012229
84 0.663871 0.585139 0.031447 0.011647
84 0.203223 0.590858 0.032008 0.011231
84 0.249270 0.833333 0.029762 0.013477
84 0.413803 0.835018 0.032008 0.012354
84 0.649270 0.839014 0.028911 0.011158
84 0.331523 0.298790 0.033352 0.009053
84 0.155708 0.300934 0.033352 0.014294
90 0.672282 0.483378 0.206649 0.224618
90 0.465633 0.487871 0.204403 0.217880
90 0.257300 0.487197 0.196541 0.225966
90 0.278639 0.725854 0.180818 0.231581
90 0.470126 0.730121 0.177448 0.227538
90 0.660490 0.732929 0.187556 0.233154
90 0.332547 0.186545 0.178571 0.237871
90 0.182053 0.190588 0.115678 0.236523