46 0.482143 0.069444 0.316138 0.056878
46 0.484127 0.143519 0.335979 0.085979
46 0.487434 0.232143 0.321429 0.078042
46 0.484788 0.314815 0.321429 0.076720
46 0.543651 0.683862 0.253968 0.052910
46 0.542989 0.743386 0.252646 0.050265
46 0.544312 0.795635 0.247354 0.056878
46 0.542328 0.845238 0.248677 0.055556
46 0.546296 0.895503 0.240741 0.047619
81 0.269841 0.832672 0.283069 0.300265
48 0.771164 0.679233 0.203704 0.054233
48 0.771825 0.742063 0.207672 0.052910
48 0.773810 0.793651 0.206349 0.047619
48 0.771825 0.840608 0.205026 0.046296
48 0.770503 0.888889 0.212963 0.050265
50 0.219577 0.113757 0.185185 0.087302
50 0.222222 0.208995 0.190476 0.095238
50 0.225529 0.303571 0.194444 0.085979
50 0.221561 0.028439 0.191799 0.056878
50 0.226852 0.357804 0.199735 0.017196
81 0.767857 0.198413 0.231481 0.330688