81 0.854731 0.173125 0.036570 0.150171
1 0.812325 0.192577 0.038904 0.123716
1 0.761360 0.199580 0.045907 0.126829
0 0.712730 0.206972 0.038904 0.121382
0 0.669935 0.216309 0.042017 0.115157
3 0.624416 0.215142 0.042795 0.122160
2 0.577342 0.223312 0.046685 0.124494
2 0.533769 0.229536 0.040461 0.115157
81 0.303455 0.138500 0.035792 0.144725
81 0.346250 0.125661 0.038904 0.151727
81 0.388655 0.108543 0.047463 0.162621
81 0.439620 0.091815 0.048242 0.171180
81 0.495254 0.085590 0.056800 0.150949
81 0.558668 0.071584 0.062247 0.133831
81 0.629474 0.063025 0.071584 0.116713
81 0.272331 0.150560 0.035792 0.128385
81 0.236928 0.163399 0.039683 0.127607
81 0.206583 0.173125 0.031902 0.123716
81 0.177404 0.183240 0.026455 0.122160
81 0.153673 0.192577 0.024121 0.114379
81 0.133053 0.195689 0.018674 0.108154
81 0.489807 0.250934 0.031902 0.091036
81 0.452459 0.253657 0.035014 0.099595
81 0.398771 0.256769 0.027233 0.099595
81 0.426782 0.249767 0.027233 0.101152
81 0.369981 0.262216 0.028789 0.093371