2 0.836891 0.226218 0.071926 0.204176
3 0.747564 0.230858 0.064965 0.194896
49 0.456572 0.401897 0.110965 0.029255
49 0.456068 0.440230 0.111974 0.033290
45 0.573590 0.410975 0.112983 0.031272
45 0.568546 0.448805 0.102895 0.030263
47 0.694251 0.650812 0.023202 0.126321
47 0.659448 0.642434 0.023202 0.127610
47 0.632379 0.641789 0.018046 0.118587
47 0.430008 0.577340 0.074762 0.030936
47 0.426785 0.626966 0.083784 0.058005
48 0.579531 0.632766 0.018046 0.123743
48 0.606600 0.631477 0.020624 0.123743
33 0.528616 0.626321 0.019335 0.118587
33 0.555040 0.628899 0.020624 0.116009
32 0.486723 0.613431 0.012890 0.110853
32 0.506703 0.618587 0.014179 0.110853
37 0.357180 0.431168 0.083784 0.020624
37 0.350735 0.465971 0.081206 0.038670
39 0.357180 0.410544 0.081206 0.023202
55 0.614334 0.288734 0.118587 0.037381
56 0.508636 0.300335 0.092807 0.039959
56 0.504125 0.334493 0.081206 0.025780
41 0.417762 0.310647 0.073473 0.029647
41 0.418407 0.343516 0.069606 0.023202
42 0.347512 0.318381 0.061872 0.024491
42 0.344934 0.352539 0.061872 0.020624
27 0.376515 0.225574 0.034803 0.130188
27 0.426141 0.219129 0.036092 0.132766
23 0.467388 0.206883 0.020624 0.136633
23 0.500258 0.205594 0.024491 0.139211
7 0.341067 0.234597 0.036092 0.122454