81 0.938681 0.214002 0.102986 0.191799
81 0.311319 0.284392 0.038738 0.149282
81 0.258881 0.291478 0.047241 0.140779
72 0.362339 0.281085 0.059524 0.148337
70 0.424225 0.267385 0.060469 0.168178
70 0.490835 0.262188 0.067082 0.167234
71 0.566893 0.253685 0.073696 0.171013
74 0.646731 0.240457 0.082200 0.184240
73 0.736017 0.230064 0.088813 0.191799
73 0.832389 0.223450 0.096372 0.195578
4 0.981670 0.443122 0.032124 0.073696
4 0.945767 0.440760 0.032124 0.076531
4 0.912226 0.440287 0.027400 0.073696
0 0.868292 0.416667 0.051020 0.124717
1 0.815382 0.419029 0.049131 0.119992
1 0.759637 0.421863 0.051020 0.116213
2 0.706727 0.419974 0.052910 0.119992
3 0.651455 0.416667 0.046296 0.122827