2 0.336987 0.242819 0.037793 0.087554
3 0.372890 0.244394 0.032754 0.088183
81 0.748614 0.245024 0.035903 0.097002
81 0.710191 0.246284 0.034643 0.095742
81 0.669249 0.245654 0.030864 0.093222
81 0.634291 0.248488 0.031494 0.090073
81 0.595238 0.244079 0.031494 0.093852
81 0.557445 0.242819 0.032754 0.090073
81 0.520282 0.245654 0.034014 0.089443
81 0.480915 0.245024 0.034643 0.091963
81 0.446901 0.244079 0.028345 0.093852
81 0.410053 0.242819 0.034014 0.093852
81 0.296989 0.243449 0.029604 0.086294
81 0.263605 0.239985 0.032124 0.093222
81 0.227702 0.238725 0.029604 0.102041
81 0.197783 0.236206 0.023936 0.095742
81 0.158730 0.236521 0.022676 0.087554
81 0.403754 0.360292 0.065508 0.015117
81 0.405644 0.340766 0.064248 0.016377
81 0.404699 0.324074 0.061099 0.014487