73 0.263975 0.441396 0.034507 0.102945
73 0.302795 0.441109 0.036232 0.101219
74 0.341327 0.439096 0.038532 0.106395
74 0.383598 0.431620 0.039107 0.116747
70 0.427881 0.435070 0.043708 0.109846
70 0.476766 0.431044 0.048309 0.117897
72 0.526225 0.426731 0.044859 0.125374
72 0.578560 0.423280 0.052910 0.129975
71 0.635208 0.424718 0.059236 0.130550
71 0.699333 0.422418 0.064412 0.131700
81 0.766621 0.420692 0.058661 0.138601
81 0.830458 0.416379 0.062112 0.140327
81 0.026190 0.452381 0.019577 0.080423
81 0.050265 0.453175 0.025397 0.085185
81 0.076190 0.447090 0.026455 0.096296
81 0.103704 0.446296 0.027513 0.093651
81 0.132540 0.448413 0.025926 0.093651
81 0.161640 0.446825 0.026984 0.096825
81 0.194444 0.443915 0.029101 0.097354
81 0.226984 0.443386 0.031746 0.095238
81 0.900673 0.414863 0.069745 0.144300
81 0.969216 0.413660 0.057720 0.146705