23 0.361111 0.376323 0.055556 0.273810
27 0.454365 0.384921 0.080688 0.280423
26 0.544312 0.394180 0.046296 0.277778
7 0.627646 0.394180 0.080688 0.269841
20 0.365079 0.718254 0.055556 0.222222
22 0.436508 0.748677 0.052910 0.235450
21 0.517196 0.745370 0.042328 0.234127
5 0.593254 0.753968 0.067460 0.224868
84 0.608398 0.585368 0.032371 0.013873
84 0.525388 0.578200 0.029134 0.010636
84 0.380873 0.564789 0.026822 0.011561
84 0.386974 0.207124 0.028423 0.013909
84 0.464381 0.214683 0.029632 0.012095
84 0.544811 0.219219 0.035680 0.013909
90 0.372305 0.343666 0.073001 0.354897
90 0.458221 0.352089 0.087601 0.347035
90 0.540207 0.359389 0.067385 0.332435
90 0.365004 0.691936 0.067385 0.317835
90 0.521676 0.713836 0.057278 0.321204
90 0.599169 0.722821 0.077493 0.323450