27 0.500882 0.176334 0.043619 0.171694
27 0.550998 0.191647 0.039907 0.152204
11 0.274026 0.141043 0.080596 0.200269
13 0.354622 0.163024 0.026865 0.183173
12 0.388204 0.167908 0.020760 0.166076
7 0.424228 0.172793 0.036635 0.156307
5 0.721810 0.216937 0.037123 0.124130
38 0.248569 0.423047 0.156226 0.027842
38 0.247796 0.453983 0.157773 0.027842
38 0.393968 0.415313 0.128384 0.024749
38 0.395514 0.443155 0.109822 0.027842
38 0.396288 0.470224 0.095901 0.020108
38 0.241609 0.481825 0.148492 0.018561
37 0.520804 0.417633 0.097448 0.023202
37 0.516937 0.447022 0.086620 0.023202
49 0.697912 0.392885 0.089714 0.020108
49 0.695592 0.422274 0.078886 0.035576
45 0.620572 0.388244 0.077340 0.026295
45 0.622892 0.419180 0.081980 0.029389
45 0.615932 0.447796 0.080433 0.024749
39 0.520804 0.390565 0.112916 0.018561
50 0.267131 0.583140 0.168600 0.057231
50 0.262490 0.618716 0.165507 0.029389
50 0.264811 0.664346 0.157773 0.037123
46 0.413302 0.565352 0.102088 0.027842
46 0.409435 0.605568 0.100541 0.030936
46 0.407889 0.643465 0.094354 0.032483
46 0.484455 0.585460 0.021655 0.095901
46 0.513070 0.577726 0.026295 0.095901
48 0.543233 0.567672 0.018561 0.109822
47 0.598144 0.534416 0.081980 0.024749
47 0.599691 0.572312 0.075793 0.035576