81 0.596405 0.426393 0.044351 0.104264
81 0.641923 0.429505 0.037348 0.107376
81 0.545051 0.426782 0.044351 0.105042
81 0.683940 0.428727 0.043573 0.094927
81 0.727902 0.430283 0.042795 0.098039
81 0.767974 0.427171 0.034236 0.094927
81 0.812714 0.429116 0.039683 0.095705
81 0.597961 0.547386 0.039683 0.095705
81 0.546608 0.550109 0.044351 0.094927
81 0.645814 0.547386 0.040461 0.094149
81 0.685496 0.541550 0.026455 0.091815
81 0.726346 0.543884 0.028789 0.087146
81 0.759415 0.541939 0.024899 0.091036
81 0.787037 0.539994 0.030345 0.079365
81 0.821273 0.539216 0.030345 0.082477
81 0.852007 0.536103 0.023343 0.084034
81 0.880019 0.534936 0.028011 0.081699
81 0.916978 0.532602 0.035014 0.080143
81 0.949269 0.534547 0.026455 0.077809
73 0.378929 0.280112 0.059135 0.127607
73 0.436897 0.282446 0.055244 0.129163
73 0.494476 0.285559 0.050576 0.129163
73 0.549331 0.291005 0.051354 0.122938
73 0.600685 0.296452 0.046685 0.116713
74 0.317071 0.275054 0.055244 0.125272
74 0.253268 0.273109 0.058357 0.130719
74 0.184018 0.268441 0.067694 0.138500
74 0.112823 0.261438 0.074697 0.146281
72 0.494087 0.426393 0.049798 0.115157
72 0.440398 0.424837 0.054466 0.115157
72 0.382431 0.424448 0.056800 0.119048
70 0.319016 0.422113 0.063803 0.122160
70 0.251323 0.419390 0.063803 0.122938
70 0.184407 0.418223 0.065359 0.120604
70 0.113990 0.410053 0.069250 0.116713
71 0.264161 0.557890 0.064581 0.116713
71 0.326797 0.557112 0.062247 0.108932
71 0.385543 0.552443 0.056800 0.107376
71 0.441176 0.551665 0.052910 0.107376
71 0.493697 0.550109 0.050576 0.098039
81 0.674603 0.303066 0.042017 0.109711
81 0.716620 0.306567 0.035792 0.110489
81 0.756303 0.307345 0.034236 0.107376
81 0.793262 0.310847 0.035014 0.101930
81 0.837224 0.313959 0.038904 0.101930
81 0.874961 0.316682 0.030345 0.099595