81 0.357878 0.187022 0.052910 0.127131
81 0.409318 0.191064 0.044092 0.110229
81 0.455614 0.189227 0.039683 0.108025
81 0.499339 0.184818 0.037478 0.113904
81 0.544165 0.181511 0.044827 0.110229
81 0.593401 0.177469 0.046296 0.109494
81 0.639697 0.178939 0.038948 0.115373
81 0.688933 0.173427 0.049236 0.113169
81 0.733760 0.184818 0.033069 0.085979
2 0.308275 0.199882 0.043357 0.108760
3 0.260509 0.201352 0.044827 0.107290
1 0.217887 0.214580 0.033069 0.092593
1 0.180409 0.215682 0.030129 0.093327
40 0.199358 0.303288 0.077475 0.019526
40 0.193059 0.323129 0.082514 0.023936
40 0.195893 0.347065 0.083144 0.023936
44 0.284706 0.294470 0.081885 0.017007
44 0.279038 0.317775 0.083144 0.022046
44 0.278723 0.341396 0.082514 0.026455
44 0.367221 0.288171 0.080625 0.019526
44 0.364072 0.312736 0.085664 0.020786
44 0.365646 0.337302 0.086294 0.024565
43 0.451625 0.287226 0.085664 0.017637
43 0.452255 0.310532 0.086924 0.020156
43 0.451940 0.332892 0.088813 0.024565
43 0.536974 0.284077 0.087554 0.020156
43 0.536344 0.306752 0.086294 0.022676
43 0.539179 0.331318 0.089443 0.023936
41 0.623583 0.280927 0.089443 0.021416
41 0.624213 0.301713 0.088183 0.020156
41 0.625787 0.324074 0.088813 0.024565
42 0.207231 0.400290 0.080625 0.020786
42 0.200617 0.423910 0.085034 0.022676
42 0.202822 0.447531 0.086924 0.024565
42 0.285966 0.398085 0.079365 0.021416
42 0.283447 0.421076 0.083144 0.023306
42 0.285651 0.444067 0.082514 0.026455
54 0.364386 0.401550 0.077475 0.018267
54 0.365331 0.421706 0.080625 0.022046
54 0.365646 0.441547 0.079995 0.021416
55 0.446586 0.390527 0.083144 0.020156
55 0.445326 0.412257 0.085664 0.022046
55 0.446271 0.437138 0.083774 0.023936
56 0.530360 0.385802 0.084404 0.022046
56 0.531305 0.409108 0.085034 0.025825
56 0.531620 0.433044 0.086924 0.024565
39 0.624843 0.379504 0.102041 0.019526
39 0.625787 0.395881 0.102671 0.015747
39 0.627047 0.411313 0.106450 0.016377
39 0.627992 0.430524 0.102041 0.022046
49 0.593348 0.475876 0.114638 0.027085
49 0.595238 0.501701 0.114638 0.028345
49 0.596813 0.528156 0.112749 0.028345
45 0.493512 0.488158 0.086294 0.023936
45 0.494772 0.510519 0.087554 0.022046
45 0.495402 0.534455 0.087554 0.023306
45 0.407848 0.490993 0.086294 0.020786
45 0.407533 0.514298 0.086924 0.023306
45 0.410368 0.537604 0.090073 0.023306
38 0.315886 0.507055 0.098891 0.018896
38 0.315886 0.525951 0.096372 0.017637
38 0.319980 0.542958 0.098262 0.015117
37 0.217309 0.511779 0.099521 0.020786
37 0.217624 0.529101 0.100151 0.015117
37 0.219514 0.545792 0.095112 0.017007
50 0.608151 0.574767 0.103930 0.019526
50 0.605631 0.599647 0.107710 0.023936
50 0.607206 0.625787 0.109599 0.024565
50 0.502960 0.577286 0.100151 0.018267
50 0.498551 0.601852 0.106450 0.023306
50 0.500126 0.628307 0.108340 0.024565
46 0.313051 0.592089 0.094482 0.021416
46 0.312736 0.614764 0.090073 0.020156
46 0.314311 0.636180 0.089443 0.021416
81 0.403754 0.611615 0.084404 0.064248
81 0.221718 0.617914 0.091963 0.064248
81 0.373835 0.898211 0.088813 0.045351
81 0.462648 0.901046 0.081255 0.038423
81 0.602167 0.896951 0.195263 0.046611
47 0.226070 0.689935 0.090188 0.022246
47 0.227874 0.712783 0.092593 0.019841
47 0.228776 0.732624 0.088384 0.018639
47 0.318062 0.686328 0.092593 0.019841
47 0.318362 0.709476 0.090789 0.021645
47 0.320166 0.731121 0.090789 0.020443
48 0.410654 0.683923 0.090188 0.022246
48 0.411556 0.705868 0.090789 0.020443
48 0.411857 0.729317 0.091390 0.020443
48 0.502946 0.681818 0.090789 0.021645
48 0.502946 0.704064 0.093194 0.022848
48 0.504750 0.726311 0.094396 0.021645
81 0.591330 0.707973 0.081169 0.052309
33 0.608766 0.780724 0.075156 0.021044
33 0.609668 0.801166 0.075758 0.015031
33 0.609668 0.819204 0.076960 0.019841
33 0.532708 0.783129 0.076960 0.017436
33 0.532107 0.801768 0.073353 0.018639
33 0.533009 0.820106 0.073954 0.016835
32 0.454846 0.785534 0.075156 0.021044
32 0.457852 0.803571 0.075156 0.018639
32 0.459355 0.821910 0.074555 0.018038
36 0.379990 0.787338 0.078163 0.015031
36 0.381794 0.805676 0.074555 0.016835
36 0.383297 0.823413 0.075156 0.019841
53 0.305435 0.790344 0.073353 0.018639
53 0.306037 0.808682 0.074555 0.016835
53 0.307540 0.824615 0.071549 0.015031
34 0.229678 0.790043 0.075758 0.018038
34 0.231481 0.808381 0.075758 0.017436
34 0.233886 0.825216 0.079365 0.013829
34 0.228776 0.890753 0.067941 0.015031
34 0.229978 0.905483 0.067941 0.013228
34 0.231181 0.919012 0.067941 0.013829