81 0.665923 0.218254 0.047123 0.119048
81 0.612186 0.219907 0.055390 0.130622
81 0.555556 0.216187 0.051257 0.131448
81 0.492725 0.212880 0.057870 0.131448
81 0.427001 0.217841 0.052083 0.123181
81 0.375744 0.219907 0.042163 0.114087
81 0.308366 0.209160 0.071098 0.135582
81 0.238922 0.212467 0.067791 0.127315
81 0.172371 0.205853 0.053737 0.133929
81 0.554777 0.520542 0.038904 0.112045
81 0.510815 0.521709 0.033458 0.109711
81 0.463352 0.512372 0.052132 0.125272
81 0.412387 0.511983 0.046685 0.129163
81 0.361422 0.511204 0.049020 0.122938
81 0.592126 0.521709 0.035792 0.111267
81 0.626751 0.523265 0.030345 0.103486
81 0.654762 0.522487 0.030345 0.106598
81 0.687442 0.522487 0.031902 0.106598
73 0.667989 0.365702 0.059913 0.122938
73 0.606131 0.366091 0.060691 0.125272
73 0.542328 0.362979 0.057579 0.129941
73 0.482415 0.362200 0.057579 0.129941
73 0.423280 0.364146 0.059135 0.127607
73 0.364146 0.363368 0.056022 0.124494