81 0.249339 0.253307 0.091270 0.236772
81 0.351852 0.236772 0.100529 0.246032
81 0.466931 0.220899 0.113757 0.235450
81 0.707011 0.185185 0.123016 0.224868
81 0.583995 0.195106 0.096561 0.239418
81 0.768519 0.857804 0.174603 0.260582
81 0.601852 0.855159 0.145503 0.250000
81 0.474206 0.828704 0.093915 0.281746
81 0.345238 0.823413 0.111111 0.265873
81 0.201720 0.815476 0.117725 0.263228
81 0.241402 0.542328 0.096561 0.222222
74 0.728175 0.501984 0.130952 0.265873
74 0.585979 0.507937 0.121693 0.261905
73 0.461640 0.519841 0.105820 0.256614
73 0.348545 0.524471 0.104497 0.252646
84 0.702081 0.327942 0.041180 0.022462
84 0.575921 0.342543 0.037436 0.023211
84 0.451632 0.357143 0.032944 0.017969
84 0.274558 0.379605 0.035190 0.028452
84 0.232311 0.672432 0.034067 0.015723
90 0.297049 0.259434 0.222545 0.272134
90 0.465224 0.237236 0.109138 0.270995
90 0.649259 0.218441 0.245957 0.281896
90 0.232031 0.555481 0.130279 0.253819
90 0.334232 0.826707 0.399820 0.281896
84 0.592362 0.987371 0.033983 0.024853
84 0.728038 0.990515 0.034490 0.018969
90 0.705503 0.863208 0.344340 0.273584
88 0.607704 0.837330 0.121855 0.046515
88 0.766247 0.844209 0.124476 0.055031
88 0.451454 0.871069 0.089754 0.031447
88 0.316824 0.862552 0.069444 0.032757
88 0.174659 0.851743 0.068134 0.029481
88 0.229036 0.580189 0.089099 0.047170
88 0.232311 0.296187 0.069444 0.046515
88 0.349581 0.284722 0.072065 0.051101
88 0.455058 0.272930 0.085168 0.051101
88 0.563876 0.266378 0.070100 0.039308
88 0.671318 0.251638 0.083202 0.039963
81 0.248593 0.266468 0.109235 0.258193
81 0.353277 0.237090 0.100132 0.249090
81 0.464167 0.225919 0.118338 0.244952
81 0.587719 0.210609 0.114201 0.245780
81 0.696541 0.196541 0.111718 0.278881
81 0.241394 0.539970 0.118338 0.237504
81 0.197534 0.812231 0.118338 0.275571
81 0.342354 0.818438 0.131579 0.286329
81 0.473932 0.815955 0.123304 0.301225
81 0.610063 0.846160 0.153923 0.263985
81 0.764399 0.850712 0.169646 0.261503