0 0.300207 0.240108 0.055210 0.153554
0 0.359443 0.227456 0.055210 0.119048
0 0.422993 0.227456 0.054635 0.122498
1 0.726651 0.236370 0.059236 0.127674
1 0.662813 0.238383 0.058086 0.124799
1 0.604727 0.235220 0.055786 0.121923
1 0.546641 0.233207 0.058086 0.128249
1 0.486830 0.229756 0.050035 0.124799
3 0.271164 0.441358 0.083774 0.179012
2 0.355820 0.456349 0.076720 0.171958
2 0.440917 0.458554 0.082892 0.171076
1 0.515873 0.481481 0.058201 0.134039
0 0.582451 0.481922 0.062610 0.136684
4 0.629351 0.514829 0.026455 0.073099
4 0.668686 0.515873 0.025759 0.073796
4 0.707672 0.517265 0.031328 0.075188
4 0.751532 0.518310 0.039683 0.074492
84 0.365712 0.580480 0.032611 0.013976
84 0.546529 0.590671 0.033194 0.015723
84 0.720650 0.605229 0.030864 0.013394
84 0.450564 0.826628 0.027284 0.010636
90 0.715956 0.547648 0.048537 0.142877
90 0.525909 0.508340 0.074515 0.199617
90 0.357397 0.476210 0.075198 0.225595
90 0.465157 0.756494 0.141330 0.164069
81 0.467118 0.730175 0.140142 0.112797
88 0.434071 0.688029 0.067231 0.029278
81 0.616786 0.742518 0.147473 0.114400
81 0.323195 0.705378 0.141509 0.139883