81 0.672167 0.854567 0.068922 0.137148
81 0.584795 0.851434 0.072403 0.126706
74 0.507867 0.857352 0.067530 0.113478
74 0.437900 0.857352 0.068226 0.113478
74 0.368630 0.864662 0.066138 0.116959
74 0.302840 0.866054 0.061264 0.116959
74 0.227304 0.870231 0.075884 0.108605
74 0.253411 0.713590 0.069618 0.128098
74 0.321289 0.709064 0.068922 0.127402
74 0.394389 0.706976 0.068922 0.132971
73 0.470621 0.701058 0.073796 0.133668
73 0.541980 0.698970 0.070315 0.128098
73 0.609510 0.695837 0.070315 0.128794
73 0.687483 0.691660 0.070315 0.126009
81 0.712197 0.133668 0.077973 0.190755
81 0.626566 0.142022 0.061264 0.174046
81 0.552771 0.132275 0.075188 0.196324
81 0.474102 0.135060 0.072403 0.194932
81 0.397522 0.144110 0.058480 0.185185
81 0.319549 0.141674 0.080757 0.187274
81 0.222431 0.135756 0.077277 0.199109
81 0.150028 0.146895 0.048037 0.190755
81 0.693748 0.341827 0.074492 0.160123
81 0.619256 0.341827 0.066138 0.165692
81 0.549986 0.343567 0.061264 0.160819
81 0.482804 0.349485 0.060568 0.155945
81 0.425021 0.350181 0.054999 0.158730
81 0.366193 0.352618 0.058480 0.162211
81 0.306321 0.353314 0.055695 0.156642
81 0.244709 0.354358 0.054999 0.167084
71 0.720551 0.525272 0.057087 0.141326
71 0.651281 0.527360 0.070315 0.145503
71 0.578878 0.530145 0.066138 0.145503
71 0.504734 0.533626 0.073796 0.139933
70 0.428154 0.534322 0.069618 0.149680
70 0.353314 0.536062 0.073099 0.158730
70 0.278822 0.539195 0.067530 0.153857
70 0.203286 0.540588 0.075188 0.155249
90 0.593429 0.134889 0.318603 0.193644
90 0.354270 0.142337 0.154750 0.185369
90 0.189259 0.134889 0.126614 0.203575
90 0.369662 0.355842 0.297087 0.157233
90 0.624959 0.341360 0.220126 0.169646
88 0.713459 0.173899 0.067925 0.040881
88 0.615660 0.178931 0.052201 0.039623
88 0.550880 0.173585 0.067296 0.040252
88 0.471321 0.174214 0.057862 0.040252
88 0.393648 0.180503 0.055975 0.035220
88 0.211509 0.177358 0.063522 0.042767
88 0.424088 0.362893 0.038365 0.025157
88 0.687547 0.388050 0.042767 0.018868
88 0.615800 0.392699 0.039521 0.016573
88 0.540371 0.395674 0.039946 0.018273
88 0.487066 0.364881 0.036011 0.025360
88 0.367113 0.361584 0.036519 0.025867
88 0.302698 0.362599 0.033475 0.024853
88 0.242848 0.364121 0.036519 0.020795
81 0.165802 0.357469 0.066824 0.156447
88 0.154796 0.381053 0.032233 0.022799