2 0.471340 0.547178 0.090829 0.208995
2 0.375220 0.549383 0.090829 0.211640
3 0.572310 0.544533 0.097002 0.214286
3 0.668871 0.543651 0.097884 0.216049
1 0.756614 0.552028 0.074074 0.183422
1 0.840388 0.551587 0.082892 0.191358
81 0.281305 0.555556 0.082892 0.208113
81 0.198413 0.568342 0.072310 0.203704
81 0.128748 0.567019 0.063492 0.199295
81 0.053351 0.570988 0.066138 0.200176
81 0.057760 0.291887 0.085538 0.229277
81 0.167549 0.298942 0.067019 0.209877
81 0.249559 0.285714 0.086420 0.216931
81 0.343915 0.284832 0.081129 0.223986
81 0.437831 0.283510 0.087302 0.221340
81 0.524250 0.284832 0.076720 0.209877
81 0.612434 0.279541 0.085538 0.220459
81 0.690035 0.298060 0.069665 0.176367
84 0.770723 0.691799 0.033510 0.020282
84 0.850088 0.686508 0.028219 0.013228
84 0.622134 0.696208 0.030864 0.013228
84 0.400794 0.703263 0.030864 0.011464
84 0.282187 0.711199 0.035273 0.020282
84 0.145944 0.715608 0.027337 0.016755
84 0.042328 0.718254 0.026455 0.016755
84 0.848964 0.686922 0.029597 0.012949
84 0.774279 0.690622 0.027284 0.010174
84 0.621208 0.696171 0.031909 0.008324
84 0.399895 0.702548 0.031043 0.012901
84 0.283526 0.707547 0.032461 0.013187
84 0.146581 0.712112 0.026375 0.011158
84 0.044604 0.717809 0.027309 0.013241
84 0.705287 0.419811 0.029481 0.011792
84 0.613404 0.425216 0.034395 0.008844
84 0.521276 0.426199 0.029972 0.012775
84 0.431358 0.430621 0.031938 0.009827
84 0.335544 0.432341 0.020145 0.009336
84 0.230149 0.433078 0.028498 0.008844
84 0.133107 0.436517 0.031938 0.009827
84 0.030808 0.435780 0.031938 0.010318
90 0.423873 0.580975 0.192610 0.264675
90 0.619759 0.578354 0.191300 0.262055
90 0.763889 0.577699 0.081237 0.255503
90 0.847091 0.575079 0.093029 0.245021
90 0.282364 0.582285 0.082547 0.277778
90 0.163784 0.591457 0.136268 0.251572
90 0.055293 0.601284 0.083857 0.260744
90 0.199194 0.312205 0.378341 0.278105
90 0.565252 0.299430 0.357704 0.278105