72 0.211640 0.564815 0.116402 0.235450
72 0.325397 0.557540 0.103175 0.218254
72 0.431217 0.556217 0.092593 0.215608
72 0.531746 0.544312 0.092593 0.218254
70 0.629630 0.537037 0.087302 0.216931
74 0.722884 0.528439 0.088624 0.210317
73 0.803571 0.513889 0.064815 0.210317
84 0.742725 0.655423 0.072751 0.035714
84 0.625000 0.669974 0.048942 0.022487
84 0.742750 0.655224 0.062020 0.032320
84 0.620021 0.673131 0.040182 0.022711
84 0.207165 0.707972 0.015723 0.009349
90 0.730527 0.557209 0.108853 0.245525
90 0.628326 0.559023 0.095549 0.258829
90 0.368892 0.589865 0.423319 0.269715