24 0.452989 0.550547 0.068501 0.187825
24 0.531985 0.545575 0.071815 0.202188
20 0.685901 0.260605 0.071740 0.257330
11 0.755626 0.792241 0.085657 0.220020
12 0.667450 0.807356 0.043668 0.183070
12 0.609506 0.798959 0.025193 0.169634
13 0.549043 0.785522 0.041989 0.176352
7 0.618744 0.549547 0.087336 0.198186
20 0.777461 0.239671 0.082298 0.273766
21 0.413000 0.277461 0.045348 0.221700
21 0.360094 0.284179 0.050386 0.211622
9 0.750588 0.540309 0.055425 0.203225
5 0.271918 0.274101 0.089016 0.231777