81 0.947972 0.270723 0.089947 0.225750
81 0.854497 0.305115 0.082892 0.162257
81 0.771164 0.317019 0.067901 0.150794
81 0.697090 0.313933 0.057319 0.165785
81 0.626543 0.321869 0.055556 0.158730
81 0.554233 0.330688 0.059083 0.151675
81 0.488536 0.338624 0.047619 0.144621
73 0.425044 0.330688 0.065256 0.174603
74 0.361993 0.339947 0.053792 0.164903
70 0.302469 0.346120 0.054674 0.156085
70 0.249118 0.351852 0.046737 0.155203
71 0.203263 0.356702 0.037919 0.143739
71 0.159171 0.363316 0.037919 0.134039
72 0.117725 0.365520 0.036155 0.131393
72 0.079365 0.371693 0.033510 0.129630
81 0.044092 0.375220 0.031746 0.127866
81 0.012787 0.373898 0.023810 0.119929