84 0.076058 0.363757 0.056878 0.037037
84 0.343254 0.354497 0.041005 0.029101
84 0.397487 0.357143 0.056878 0.037037
84 0.404101 0.853836 0.046296 0.025132
84 0.264550 0.863757 0.050265 0.021164
81 0.839947 0.496032 0.314815 0.129630
44 0.125294 0.497501 0.138889 0.035273
44 0.126396 0.535714 0.139624 0.033804
44 0.130805 0.571355 0.139624 0.040417
40 0.259406 0.464065 0.129336 0.031599
40 0.259774 0.498236 0.127131 0.035273
40 0.263448 0.533142 0.134480 0.028660
40 0.264918 0.565109 0.128601 0.030864
42 0.384700 0.459656 0.121252 0.030129
42 0.386537 0.496032 0.124927 0.029394
42 0.388742 0.529468 0.123457 0.028660
42 0.391681 0.562537 0.120517 0.031599
56 0.503748 0.457451 0.115373 0.030129
56 0.507422 0.491623 0.113904 0.026455
56 0.507055 0.522119 0.114638 0.027190
56 0.508524 0.555923 0.113169 0.027190
56 0.623530 0.548942 0.113904 0.026455
56 0.622061 0.517343 0.113904 0.027925
56 0.622428 0.487581 0.113169 0.027190
55 0.616549 0.453410 0.102881 0.029394
81 0.897634 0.697016 0.115373 0.171223
48 0.775647 0.653292 0.102146 0.022046
48 0.784832 0.691872 0.104350 0.027190
48 0.787404 0.720165 0.096267 0.020576
48 0.784832 0.748089 0.099941 0.020576
48 0.783730 0.779321 0.099206 0.021311
47 0.666520 0.662845 0.117578 0.029394
47 0.675338 0.699221 0.113169 0.028660
47 0.673868 0.729350 0.114638 0.031599
47 0.674603 0.756540 0.113169 0.033069
47 0.676440 0.787404 0.110964 0.033069
46 0.541226 0.636023 0.112434 0.028660
46 0.547472 0.671664 0.111699 0.029394
46 0.556290 0.708774 0.117578 0.025720
46 0.556290 0.744048 0.117578 0.025720
46 0.554453 0.774177 0.112434 0.028660
46 0.557025 0.801734 0.120517 0.030864
37 0.423280 0.710244 0.136684 0.024250
37 0.423648 0.741843 0.140359 0.019841
37 0.425118 0.771238 0.135949 0.018372
37 0.422913 0.798060 0.138889 0.023516
37 0.426587 0.820106 0.135949 0.022046
39 0.281085 0.724574 0.143298 0.026455
39 0.281085 0.753233 0.146238 0.024985
39 0.278880 0.781893 0.150647 0.022046
39 0.281085 0.806878 0.147707 0.024985
39 0.281452 0.832598 0.146972 0.023516
38 0.129703 0.735229 0.153586 0.021311
38 0.128233 0.766828 0.157995 0.021311
38 0.127499 0.799162 0.156526 0.024250
38 0.128968 0.822310 0.155056 0.026455
38 0.130071 0.849868 0.157260 0.027190
13 0.038029 0.254630 0.042989 0.175265
13 0.075231 0.254216 0.034722 0.174438
12 0.112434 0.255456 0.044643 0.185185
12 0.143436 0.268684 0.058697 0.157077
9 0.184358 0.264964 0.041336 0.162864
9 0.223628 0.266617 0.032242 0.161210
8 0.247603 0.252563 0.032242 0.174438
8 0.293072 0.257110 0.042163 0.176918
27 0.341849 0.255043 0.055390 0.159557
5 0.395585 0.257110 0.055390 0.165344
81 0.685764 0.257523 0.511739 0.154597
84 0.242335 0.611144 0.026533 0.012775
84 0.087805 0.621217 0.027024 0.010318
84 0.361488 0.604019 0.026042 0.008353
84 0.479712 0.591499 0.025360 0.009130
84 0.618939 0.584906 0.026882 0.012173
84 0.831457 0.566646 0.040069 0.022317
84 0.073899 0.364630 0.036688 0.034441
84 0.341195 0.356394 0.036688 0.032944
84 0.393980 0.356020 0.041929 0.032195
84 0.262354 0.863376 0.046047 0.025270
84 0.402179 0.852707 0.046047 0.025270
84 0.554879 0.838253 0.019274 0.013694
84 0.647697 0.826334 0.022317 0.012173
84 0.753449 0.811118 0.022824 0.013187
84 0.855650 0.803763 0.020288 0.010651
90 0.124528 0.557390 0.147799 0.155660
90 0.054560 0.281447 0.086478 0.235849
90 0.339937 0.275157 0.056604 0.226415
90 0.397327 0.273585 0.058176 0.201258
90 0.262893 0.539308 0.128931 0.179245
90 0.385535 0.532233 0.116352 0.177673
90 0.504969 0.522767 0.121384 0.161006
90 0.618491 0.517736 0.114465 0.155975
90 0.420377 0.785283 0.137107 0.159748
90 0.277327 0.793459 0.145220 0.171069
90 0.556541 0.779308 0.118868 0.164151
90 0.672893 0.763899 0.118868 0.150943
90 0.784465 0.750063 0.103774 0.142138
90 0.894843 0.730252 0.113208 0.164151
88 0.714925 0.478048 0.074988 0.018747
81 0.740022 0.499214 0.123972 0.121553
81 0.856132 0.490445 0.119134 0.117320
88 0.865427 0.719016 0.042545 0.012949
81 0.895487 0.714854 0.110063 0.129486