84 0.595899 0.625661 0.070106 0.037037
84 0.480159 0.650132 0.037037 0.019841
81 0.961640 0.459656 0.071429 0.223545
81 0.873677 0.468254 0.078042 0.211640
81 0.786376 0.480820 0.083333 0.215608
74 0.690476 0.482143 0.092593 0.228836
73 0.586640 0.496032 0.101852 0.216931
70 0.478175 0.515873 0.101852 0.232804
72 0.365741 0.533069 0.109788 0.240741
72 0.244048 0.505291 0.109788 0.246032
71 0.123677 0.529101 0.138889 0.246032
84 0.593339 0.625000 0.062893 0.036449
84 0.481489 0.648942 0.049314 0.028588
84 0.137011 0.706455 0.025769 0.010045
88 0.767183 0.530997 0.058401 0.040431
88 0.865735 0.521170 0.055593 0.042116
88 0.945755 0.508255 0.060647 0.040993
90 0.590194 0.535020 0.110063 0.278731
90 0.485134 0.537164 0.105775 0.305889
90 0.122784 0.575758 0.130074 0.314465