32 0.884039 0.733686 0.152557 0.051146
32 0.880511 0.769841 0.147266 0.051146
32 0.876543 0.805115 0.148148 0.059965
47 0.741623 0.711199 0.123457 0.048501
47 0.738977 0.741623 0.123457 0.042328
47 0.735891 0.773810 0.124339 0.052028
47 0.620811 0.690476 0.102293 0.042328
47 0.621252 0.721340 0.108466 0.044092
47 0.618607 0.749559 0.103175 0.044092
47 0.248236 0.623016 0.078483 0.032628
47 0.248236 0.648589 0.073192 0.032628
47 0.249559 0.673721 0.072310 0.031746
46 0.858025 0.548942 0.190476 0.048501
46 0.858907 0.589947 0.178131 0.054674
46 0.855820 0.631393 0.177249 0.058201
46 0.514550 0.674603 0.096120 0.045855
46 0.514109 0.702381 0.097002 0.039683
46 0.513668 0.730159 0.097884 0.040564
48 0.333333 0.632716 0.091711 0.041446
48 0.332451 0.662257 0.084656 0.038801
48 0.333333 0.690035 0.093474 0.043210
48 0.421958 0.657407 0.083774 0.037919
48 0.420194 0.683422 0.087302 0.038801
48 0.422399 0.711199 0.084656 0.039683
50 0.683422 0.527337 0.165785 0.049383
50 0.682099 0.569224 0.163139 0.050265
50 0.680776 0.609788 0.160494 0.053792
45 0.539683 0.529101 0.112875 0.037037
45 0.539683 0.562610 0.118166 0.035273
45 0.545414 0.594797 0.117284 0.041446
49 0.421958 0.513228 0.120811 0.035273
49 0.423721 0.547178 0.117284 0.039683
49 0.425044 0.584215 0.123457 0.039683
38 0.314374 0.509700 0.099647 0.028219
38 0.317019 0.533069 0.094356 0.023810
38 0.317019 0.554233 0.089065 0.023810
39 0.228836 0.506173 0.078483 0.028219
39 0.229277 0.526014 0.084656 0.020282
39 0.227954 0.543651 0.076720 0.022046
37 0.153439 0.502646 0.077601 0.026455
37 0.152557 0.523369 0.070547 0.020282
37 0.153439 0.539242 0.072310 0.020282
43 0.886243 0.373457 0.172840 0.039683
43 0.880071 0.416226 0.172840 0.044092
43 0.877866 0.460317 0.170194 0.042328
41 0.726631 0.382275 0.142857 0.036155
41 0.723545 0.419312 0.136684 0.041446
41 0.722663 0.457672 0.136684 0.035273
41 0.595238 0.385802 0.116402 0.032628
41 0.592152 0.422399 0.113757 0.037037
41 0.593474 0.458995 0.116402 0.032628
42 0.483686 0.391975 0.104938 0.032628
42 0.482363 0.423280 0.100529 0.029982
42 0.484127 0.455467 0.098765 0.036155
42 0.387125 0.393739 0.088183 0.027337
42 0.388007 0.423721 0.088183 0.029101
42 0.385802 0.454586 0.090829 0.030864
44 0.305115 0.391093 0.075838 0.027337
44 0.304674 0.423280 0.076720 0.026455
44 0.305115 0.451940 0.081129 0.030864
44 0.231481 0.394180 0.069665 0.028219
44 0.233686 0.422840 0.070547 0.032628
44 0.234127 0.454586 0.067901 0.029101
40 0.168430 0.405644 0.065256 0.029982
40 0.169753 0.430335 0.066138 0.026455
40 0.170194 0.454145 0.063492 0.024691
4 0.933012 0.233844 0.042517 0.076531
4 0.887661 0.237623 0.036848 0.070862
1 0.832389 0.212113 0.068027 0.127551
0 0.765779 0.221561 0.059524 0.129441
3 0.697751 0.221561 0.067082 0.144558
2 0.630197 0.230064 0.062358 0.136999
81 0.569728 0.233371 0.051020 0.143613
81 0.466270 0.241875 0.055745 0.136054