13 0.204248 0.285170 0.036570 0.179739
13 0.275054 0.289838 0.038126 0.181295
15 0.333800 0.286726 0.035792 0.182851
27 0.402661 0.285559 0.067694 0.185185
21 0.192577 0.566838 0.041239 0.204637
20 0.262994 0.568394 0.042017 0.209306
8 0.333800 0.566838 0.040461 0.201525
7 0.401105 0.569950 0.070806 0.201525
16 0.192577 0.870293 0.041239 0.220199
20 0.491363 0.635699 0.042795 0.217865
11 0.539994 0.355198 0.071584 0.218643
21 0.615468 0.379318 0.040461 0.195300
5 0.672658 0.374261 0.061469 0.197635
16 0.565671 0.129941 0.038904 0.194522
18 0.261049 0.871460 0.052132 0.213196
18 0.326408 0.876517 0.049020 0.221755
17 0.390601 0.866402 0.037348 0.207750
81 0.480081 0.106209 0.051354 0.207750
81 0.564115 0.644647 0.038904 0.217087
81 0.635699 0.138500 0.017118 0.164955
81 0.664488 0.144725 0.021786 0.177404
81 0.608855 0.152116 0.019452 0.167289