81 0.263448 0.413360 0.044092 0.090388
81 0.336750 0.406195 0.029762 0.098104
16 0.645944 0.740190 0.033069 0.184083
18 0.702712 0.748457 0.038580 0.187390
18 0.760582 0.759480 0.039683 0.202822
17 0.828373 0.760582 0.038580 0.200617
21 0.642702 0.483193 0.038904 0.175848
20 0.704560 0.487862 0.041239 0.182073
20 0.927871 0.549720 0.056800 0.207750
8 0.767196 0.482804 0.045129 0.185963
7 0.835668 0.478525 0.076253 0.188298
13 0.649704 0.240819 0.034236 0.156396
13 0.708061 0.235761 0.037348 0.161843
15 0.764472 0.219421 0.044351 0.166511
27 0.828665 0.213974 0.065359 0.166511
11 0.963845 0.253086 0.067019 0.229277
84 0.556252 0.468532 0.037594 0.029240
84 0.498816 0.476190 0.029936 0.020886
84 0.538151 0.616472 0.034809 0.021582
84 0.380813 0.602548 0.033417 0.021582
84 0.450780 0.482108 0.034113 0.021582
84 0.381509 0.480716 0.026455 0.022974
84 0.521442 0.765107 0.030632 0.023670
84 0.402743 0.744570 0.034113 0.025759
84 0.309802 0.733083 0.032025 0.022278
84 0.217558 0.714634 0.025759 0.014620
4 0.564606 0.410401 0.025063 0.057783
4 0.534322 0.412141 0.022974 0.048733
1 0.501949 0.392648 0.033417 0.100251
0 0.461919 0.394737 0.035505 0.100251
3 0.420496 0.391952 0.040379 0.115567
2 0.374896 0.401003 0.039683 0.103035
43 0.529449 0.520050 0.106516 0.030632
43 0.529449 0.555207 0.103732 0.036898
43 0.532581 0.587232 0.112782 0.034113
41 0.430242 0.521791 0.089112 0.028544
41 0.430590 0.552423 0.091200 0.032721
41 0.431287 0.585492 0.088415 0.029240
41 0.346004 0.523879 0.079365 0.028544
41 0.345308 0.553815 0.080757 0.028544
41 0.346004 0.581662 0.077973 0.028544
42 0.268727 0.528056 0.072403 0.027151
42 0.268379 0.554163 0.074492 0.027847
42 0.269075 0.580966 0.071707 0.028544
42 0.201546 0.528404 0.061960 0.025063
42 0.199457 0.553467 0.063353 0.026455
42 0.198761 0.580966 0.064745 0.025759
44 0.141674 0.525620 0.054999 0.020886
44 0.141326 0.551378 0.057087 0.025063
44 0.143066 0.577833 0.052214 0.027847
44 0.093637 0.527012 0.046644 0.025063
44 0.092245 0.552423 0.043860 0.027151
44 0.091896 0.578878 0.043163 0.029936
46 0.527360 0.658939 0.127402 0.035505
46 0.522835 0.693400 0.121136 0.037594
46 0.522835 0.734823 0.122529 0.049429
46 0.286132 0.769981 0.071011 0.026455
46 0.288569 0.800961 0.067530 0.036898
46 0.287176 0.828112 0.070315 0.041075
45 0.306669 0.645712 0.082846 0.031328
45 0.304929 0.672515 0.076580 0.030632
45 0.306669 0.706976 0.080061 0.034113
49 0.222083 0.631440 0.082150 0.032025
49 0.223475 0.660331 0.082150 0.031328
49 0.225564 0.689223 0.084935 0.036202
50 0.405876 0.643971 0.114174 0.037594
50 0.401351 0.679825 0.113478 0.039683
50 0.401699 0.717767 0.109997 0.044556
38 0.148635 0.628307 0.071707 0.021582
38 0.148287 0.647452 0.062657 0.020886
38 0.147939 0.666945 0.064745 0.023670
39 0.092245 0.625174 0.043860 0.019493
39 0.091548 0.644319 0.043860 0.022974
39 0.093637 0.661724 0.043860 0.020189
32 0.544417 0.824283 0.101643 0.041771
32 0.545113 0.854567 0.103035 0.042467
47 0.445906 0.805486 0.088415 0.040379
47 0.445558 0.829504 0.083542 0.031328
47 0.361668 0.793651 0.078669 0.038986
47 0.363409 0.817321 0.076580 0.037594
47 0.360972 0.843080 0.075884 0.037594
47 0.444514 0.857352 0.082846 0.035505
48 0.219646 0.759886 0.057783 0.029936
48 0.220343 0.784600 0.063353 0.030632
48 0.218254 0.808271 0.066138 0.034809
48 0.155945 0.738304 0.062657 0.031328
48 0.157686 0.766151 0.063353 0.035505
48 0.154553 0.792258 0.059872 0.036202
47 0.096422 0.729602 0.053606 0.032025
47 0.097118 0.756057 0.052214 0.033417
47 0.097466 0.779727 0.051518 0.038986
40 0.046296 0.534392 0.041446 0.024691
40 0.045414 0.555556 0.043210 0.017637
40 0.045855 0.578483 0.047619 0.022928