37 0.533479 0.250052 0.263048 0.042628
37 0.531919 0.298919 0.255770 0.034311
37 0.533479 0.345706 0.252651 0.040549
39 0.271834 0.253119 0.251092 0.032751
39 0.276513 0.308484 0.251092 0.049906
39 0.277293 0.353712 0.249532 0.034311
47 0.402144 0.515681 0.218341 0.047638
47 0.405121 0.577213 0.216356 0.051608
48 0.637356 0.512703 0.228265 0.057563
48 0.634379 0.566296 0.234220 0.045653
41 0.645633 0.049127 0.224891 0.054585
43 0.415284 0.066594 0.218341 0.067686
84 0.662201 0.183019 0.033333 0.018868
84 0.438931 0.195597 0.035849 0.013836
84 0.153711 0.211950 0.033962 0.015094
84 0.258113 0.457862 0.035220 0.015094
84 0.496792 0.458805 0.038365 0.016981
84 0.775723 0.448742 0.032704 0.019497
84 0.627925 0.696855 0.032704 0.015094
84 0.382264 0.686164 0.036478 0.018868
84 0.161195 0.696855 0.030818 0.013836
84 0.580063 0.917987 0.035849 0.018868
90 0.652830 0.108491 0.232704 0.179245
90 0.427448 0.122978 0.215633 0.180818
90 0.223046 0.128032 0.193172 0.193172
90 0.268531 0.351640 0.252695 0.239218
90 0.527965 0.355009 0.250449 0.245957
90 0.765723 0.342655 0.204403 0.241465
90 0.632637 0.598720 0.232480 0.223495
90 0.402123 0.597288 0.222091 0.218160
90 0.207056 0.600236 0.158215 0.208333
90 0.538485 0.849581 0.661875 0.201408
88 0.582285 0.839473 0.119048 0.026954
81 0.264076 0.816637 0.123540 0.098083
81 0.426176 0.813642 0.190177 0.093591
81 0.616352 0.845088 0.199161 0.047170
81 0.788934 0.806529 0.154987 0.137766