38 0.438210 0.313319 0.233624 0.050218
38 0.442576 0.384279 0.233624 0.065502
49 0.707860 0.295852 0.296943 0.063319
49 0.713319 0.364629 0.286026 0.061135
46 0.263537 0.561135 0.207424 0.048035
46 0.263537 0.608079 0.211790 0.037118
46 0.265720 0.658297 0.216157 0.050218
48 0.476419 0.553493 0.209607 0.041485
48 0.481878 0.611354 0.211790 0.043668
48 0.474236 0.652838 0.205240 0.034934
47 0.691485 0.601528 0.211790 0.054585
47 0.689301 0.659389 0.242358 0.039301
56 0.725327 0.104803 0.248908 0.069869
55 0.487336 0.112445 0.213974 0.067686