41 0.251047 0.072200 0.164793 0.046296
41 0.250220 0.119323 0.164242 0.042438
42 0.418320 0.067515 0.168651 0.045745
42 0.417493 0.116567 0.168100 0.046847
42 0.589175 0.065311 0.168651 0.046847
42 0.587798 0.111883 0.169202 0.047399
42 0.588349 0.158730 0.162588 0.045194
42 0.697476 0.058973 0.040234 0.052910
42 0.737709 0.058146 0.043541 0.049052
42 0.779597 0.055941 0.043541 0.050154
42 0.691413 0.110780 0.041336 0.046296
42 0.731647 0.108025 0.036927 0.044092
42 0.777943 0.106647 0.031415 0.045745
42 0.811839 0.107749 0.038580 0.049052
42 0.693893 0.159281 0.039683 0.046296
42 0.732749 0.156250 0.042438 0.044643
42 0.774361 0.155148 0.037478 0.046847
42 0.812941 0.154597 0.041887 0.044643
86 0.335538 0.172399 0.424162 0.041446
86 0.487434 0.365079 0.728836 0.034392
86 0.474206 0.558201 0.699735 0.050265
86 0.470238 0.735450 0.699735 0.044974
86 0.502646 0.911376 0.542328 0.042328
39 0.303885 0.266291 0.197020 0.034113
39 0.302492 0.301448 0.194236 0.033417
39 0.306321 0.330340 0.193539 0.027151
37 0.500209 0.265595 0.197020 0.032721
37 0.501253 0.299708 0.199109 0.034113
37 0.501601 0.331732 0.191451 0.028544
38 0.703843 0.255848 0.206071 0.038290
38 0.702451 0.294834 0.208855 0.032721
38 0.702451 0.329295 0.203286 0.029240
47 0.724969 0.462963 0.186203 0.042735
47 0.722934 0.505698 0.182133 0.040700
50 0.530627 0.452279 0.198413 0.045788
50 0.530627 0.503154 0.196378 0.043753
50 0.531136 0.544363 0.193325 0.036630
46 0.341372 0.464998 0.178063 0.044770
46 0.340863 0.508242 0.172975 0.039683
46 0.189255 0.464998 0.126170 0.044770
46 0.189255 0.511803 0.132275 0.046805
53 0.757275 0.631889 0.144400 0.029211
53 0.762434 0.664550 0.146032 0.034921
53 0.762963 0.699206 0.147090 0.036508
36 0.610450 0.631614 0.148589 0.029541
36 0.612654 0.664903 0.150353 0.032628
36 0.611772 0.699295 0.147707 0.034392
34 0.462228 0.632961 0.148442 0.031354
34 0.462963 0.663090 0.147952 0.033804
34 0.462473 0.698609 0.148932 0.037233
34 0.315608 0.633598 0.143386 0.029101
34 0.315873 0.665079 0.146032 0.035979
34 0.316931 0.698148 0.144974 0.033333
48 0.184193 0.642526 0.117063 0.042989
48 0.183532 0.685185 0.119709 0.044974
33 0.705235 0.811055 0.147591 0.023670
33 0.695489 0.839251 0.144806 0.035505
33 0.695837 0.874060 0.145503 0.038290
32 0.551727 0.837510 0.138541 0.037594
32 0.554163 0.871624 0.143414 0.034809
51 0.414305 0.829318 0.122827 0.029762
51 0.414305 0.854592 0.123772 0.026455
51 0.416194 0.879157 0.126606 0.020786
31 0.289153 0.826190 0.126455 0.023810
31 0.289418 0.852910 0.123810 0.027513
31 0.289418 0.877778 0.122751 0.022222
48 0.174394 0.833333 0.099554 0.034809
48 0.177179 0.868143 0.103732 0.032025
48 0.177875 0.901211 0.107909 0.036898