2 0.0953125 0.9046875 0.2671875 0.9046875 0.2671875 1 0.0953125 1
2 0.29375 0.8453125 0.48125 0.8453125 0.48125 1 0.29375 1
2 0.503125 0.8 0.671875 0.8 0.671875 1 0.503125 1
2 0.6921875 0.75 0.884375 0.75 0.884375 0.9671875 0.6921875 0.9671875
2 0.9 0.7125 1 0.7125 1 0.925 0.9 0.925
2 0.8625 0.5140625 1 0.5140625 1 0.7296875 0.8625 0.7296875
2 0.65625 0.5609375 0.83125 0.5609375 0.83125 0.771875 0.65625 0.771875
2 0.434375 0.6 0.6453125 0.6 0.6453125 0.8203125 0.434375 0.8203125
2 0.2578125 0.6375 0.43125 0.6375 0.43125 0.8515625 0.2578125 0.8515625
2 0.0484375 0.6734375 0.2390625 0.6734375 0.2390625 0.909375 0.0484375 0.909375
2 0.015625 0.49375 0.184375 0.49375 0.184375 0.6953125 0.015625 0.6953125
2 0.2171875 0.44375 0.390625 0.44375 0.390625 0.6484375 0.2171875 0.6484375
2 0.4015625 0.3875 0.5921875 0.3875 0.5921875 0.6171875 0.4015625 0.6171875
2 0.625 0.3640625 0.784375 0.3640625 0.784375 0.5578125 0.625 0.5578125
2 0.821875 0.3234375 0.9828125 0.3234375 0.9828125 0.521875 0.821875 0.521875
2 0.765625 0.1171875 0.95625 0.1171875 0.95625 0.325 0.765625 0.325
2 0.5625 0.1484375 0.7421875 0.1484375 0.7421875 0.3734375 0.5625 0.3734375
2 0.3734375 0.1984375 0.5453125 0.1984375 0.5453125 0.4109375 0.3734375 0.4109375
2 0.1671875 0.2390625 0.340625 0.2390625 0.340625 0.446875 0.1671875 0.446875
2 0 0.08125 0.1015625 0.08125 0.1015625 0.2875 0 0.2875
2 0.1171875 0.0390625 0.303125 0.0390625 0.303125 0.2453125 0.1171875 0.2453125
2 0.309375 0.0015625 0.496875 0.0015625 0.496875 0.2046875 0.309375 0.2046875
2 0.515625 0.003125 0.696875 0.003125 0.696875 0.175 0.515625 0.175
2 0.721875 0.0046875 0.8984375 0.0046875 0.8984375 0.121875 0.721875 0.121875
2 0.0015625 0.2890625 0.1359375 0.2890625 0.1359375 0.49375 0.0015625 0.49375