2 0.0921875 0.9140625 0.259375 0.9140625 0.259375 1 0.0921875 1
2 0.2921875 0.859375 0.475 0.859375 0.475 1 0.2921875 1
2 0.5046875 0.815625 0.6703125 0.815625 0.6703125 1 0.5046875 1
2 0.6984375 0.76875 0.8859375 0.76875 0.8859375 0.96875 0.6984375 0.96875
2 0.90625 0.7359375 0.9953125 0.7359375 0.9953125 0.928125 0.90625 0.928125
2 0.875 0.5359375 0.996875 0.5359375 0.996875 0.7515625 0.875 0.7515625
2 0.665625 0.578125 0.8390625 0.578125 0.8390625 0.7890625 0.665625 0.7890625
2 0.4421875 0.6140625 0.6515625 0.6140625 0.6515625 0.8359375 0.4421875 0.8359375
2 0.2625 0.6484375 0.434375 0.6484375 0.434375 0.8625 0.2625 0.8625
2 0.0515625 0.6828125 0.2375 0.6828125 0.2375 0.9171875 0.0515625 0.9171875
2 0.021875 0.4984375 0.1890625 0.4984375 0.1890625 0.7015625 0.021875 0.7015625
2 0.228125 0.4515625 0.3984375 0.4515625 0.3984375 0.6578125 0.228125 0.6578125
2 0.4140625 0.4 0.603125 0.4 0.603125 0.6296875 0.4140625 0.6296875
2 0.6390625 0.378125 0.796875 0.378125 0.796875 0.5734375 0.6390625 0.5734375
2 0.8390625 0.340625 0.9984375 0.340625 0.9984375 0.540625 0.8390625 0.540625
2 0.7921875 0.134375 0.971875 0.134375 0.971875 0.340625 0.7921875 0.340625
2 0.5828125 0.1609375 0.7609375 0.1609375 0.7609375 0.3859375 0.5828125 0.3859375
2 0.3890625 0.2078125 0.5609375 0.2078125 0.5609375 0.4203125 0.3890625 0.4203125
2 0.18125 0.2453125 0.353125 0.2453125 0.353125 0.453125 0.18125 0.453125
2 0 0.078125 0.1171875 0.078125 0.1171875 0.2890625 0 0.2890625
2 0.1375 0.0421875 0.321875 0.0421875 0.321875 0.25 0.1375 0.25
2 0.3328125 0.003125 0.51875 0.003125 0.51875 0.2109375 0.3328125 0.2109375
2 0.540625 0.003125 0.7203125 0.003125 0.7203125 0.184375 0.540625 0.184375
2 0.7484375 0.0046875 0.925 0.0046875 0.925 0.1359375 0.7484375 0.1359375
2 0 0.2921875 0.146875 0.2921875 0.146875 0.4984375 0 0.4984375