2 0.79375 0.8875 0.93125 0.8875 0.93125 1 0.79375 1
2 0.565625 0.8359375 0.7546875 0.8359375 0.7546875 1 0.565625 1
2 0.3640625 0.796875 0.534375 0.796875 0.534375 1 0.3640625 1
2 0.1390625 0.7546875 0.3328125 0.7546875 0.3328125 0.9765625 0.1390625 0.9765625
2 0 0.7265625 0.1140625 0.7265625 0.1140625 0.9421875 0 0.9421875
2 0 0.5171875 0.14375 0.5171875 0.14375 0.7359375 0 0.7359375
2 0.184375 0.5546875 0.3625 0.5546875 0.3625 0.76875 0.184375 0.76875
2 0.38125 0.5859375 0.5953125 0.5859375 0.5953125 0.8109375 0.38125 0.8109375
2 0.609375 0.615625 0.7828125 0.615625 0.7828125 0.834375 0.609375 0.834375
2 0.8125 0.6421875 0.9734375 0.6421875 0.9734375 0.878125 0.8125 0.878125
2 0.859375 0.45 0.9953125 0.45 0.9953125 0.653125 0.859375 0.653125
2 0.6421875 0.409375 0.815625 0.409375 0.815625 0.61875 0.6421875 0.61875
2 0.4296875 0.3609375 0.621875 0.3609375 0.621875 0.5953125 0.4296875 0.5953125
2 0.225 0.3453125 0.384375 0.3453125 0.384375 0.54375 0.225 0.54375
2 0.0140625 0.3125 0.1765625 0.3125 0.1765625 0.515625 0.0140625 0.515625
2 0.03125 0.096875 0.2234375 0.096875 0.2234375 0.30625 0.03125 0.30625
2 0.259375 0.11875 0.4421875 0.11875 0.4421875 0.346875 0.259375 0.346875
2 0.4671875 0.1609375 0.6421875 0.1609375 0.6421875 0.3765625 0.4671875 0.3765625
2 0.684375 0.19375 0.8609375 0.19375 0.8609375 0.4046875 0.684375 0.4046875
2 0.9265625 0.065625 1 0.065625 1 0.221875 0.9265625 0.221875
2 0.7140625 0.03125 0.89375 0.03125 0.89375 0.1921875 0.7140625 0.1921875
2 0.5078125 0 0.6890625 0 0.6890625 0.15625 0.5078125 0.15625
2 0.296875 0 0.4703125 0 0.4703125 0.1359375 0.296875 0.1359375
2 0.0828125 0 0.253125 0 0.253125 0.0921875 0.0828125 0.0921875
2 0.9015625 0.2359375 0.996875 0.2359375 0.996875 0.4421875 0.9015625 0.4421875