8 0.003125 0.5859375 0.059375 0.5859375 0.059375 0.9109375 0.003125 0.9109375
8 0.0046875 0.596875 0.2515625 0.596875 0.2515625 0.9484375 0.0046875 0.9484375
8 0.18125 0.6390625 0.4328125 0.6390625 0.4328125 0.98125 0.18125 0.98125
8 0.3609375 0.6734375 0.628125 0.6734375 0.628125 0.9984375 0.3609375 0.9984375
8 0.56875 0.7078125 0.8203125 0.7078125 0.8203125 0.996875 0.56875 0.996875
8 0.75625 0.7453125 0.959375 0.7453125 0.959375 0.9953125 0.75625 0.9953125
8 0.8046875 0.3875 1 0.3875 1 0.7859375 0.8046875 0.7859375
8 0.6109375 0.35625 0.8890625 0.35625 0.8890625 0.7640625 0.6109375 0.7640625
8 0.4234375 0.3171875 0.696875 0.3171875 0.696875 0.728125 0.4234375 0.728125
8 0.246875 0.2875 0.5046875 0.2875 0.5046875 0.6921875 0.246875 0.6921875
8 0.0625 0.24375 0.3265625 0.24375 0.3265625 0.65625 0.0625 0.65625
8 0.0015625 0.23125 0.1234375 0.23125 0.1234375 0.615625 0.0015625 0.615625
8 0.04375 0 0.1921875 0 0.1921875 0.2390625 0.04375 0.2390625
8 0.128125 0 0.3859375 0 0.3859375 0.2671875 0.128125 0.2671875
8 0.3203125 0 0.5703125 0 0.5703125 0.325 0.3203125 0.325
8 0.509375 0 0.765625 0 0.765625 0.3609375 0.509375 0.3609375
8 0.6921875 0.034375 0.965625 0.034375 0.965625 0.4125 0.6921875 0.4125
8 0.8890625 0.071875 1 0.071875 1 0.4234375 0.8890625 0.4234375