8 0 0.6625 0.13125 0.6625 0.13125 0.9984375 0 0.9984375
8 0.1375 0.65625 0.315625 0.65625 0.315625 0.9984375 0.1375 0.9984375
8 0.309375 0.665625 0.4921875 0.665625 0.4921875 0.996875 0.309375 0.996875
8 0.4828125 0.6640625 0.6828125 0.6640625 0.6828125 0.996875 0.4828125 0.996875
8 0.684375 0.659375 0.86875 0.659375 0.86875 0.9953125 0.684375 0.9953125
8 0.865625 0.659375 1 0.659375 1 0.9953125 0.865625 0.9953125
8 0.859375 0.3140625 1 0.3140625 1 0.671875 0.859375 0.671875
8 0.671875 0.3203125 0.871875 0.3203125 0.871875 0.6765625 0.671875 0.6765625
8 0.490625 0.3171875 0.6828125 0.3171875 0.6828125 0.678125 0.490625 0.678125
8 0.31875 0.321875 0.496875 0.321875 0.496875 0.678125 0.31875 0.678125
8 0.1390625 0.3140625 0.3234375 0.3140625 0.3234375 0.6765625 0.1390625 0.6765625
8 0 0.31875 0.128125 0.31875 0.128125 0.678125 0 0.678125
8 0 0 0.1359375 0 0.1359375 0.3109375 0 0.3109375
8 0.1328125 0 0.3234375 0 0.3234375 0.3015625 0.1328125 0.3015625
8 0.3234375 0 0.503125 0 0.503125 0.3234375 0.3234375 0.3234375
8 0.50625 0 0.6921875 0 0.6921875 0.321875 0.50625 0.321875
8 0.684375 0 0.884375 0 0.884375 0.3328125 0.684375 0.3328125
8 0.8734375 0 1 0 1 0.3203125 0.8734375 0.3203125