8 0.00625 0.6 0.08125 0.6 0.08125 0.9375 0.00625 0.9375
8 0.040625 0.609375 0.2734375 0.609375 0.2734375 0.9640625 0.040625 0.9640625
8 0.2171875 0.6421875 0.45625 0.6421875 0.45625 0.9890625 0.2171875 0.9890625
8 0.396875 0.6671875 0.653125 0.6671875 0.653125 0.9984375 0.396875 0.9984375
8 0.6078125 0.6921875 0.8484375 0.6921875 0.8484375 0.996875 0.6078125 0.996875
8 0.7953125 0.71875 0.9796875 0.71875 0.9796875 0.9953125 0.7953125 0.9953125
8 0.83125 0.3578125 1 0.3578125 1 0.75 0.83125 0.75
8 0.6359375 0.3375 0.8984375 0.3375 0.8984375 0.7375 0.6359375 0.7375
8 0.4453125 0.30625 0.7015625 0.30625 0.7015625 0.7109375 0.4453125 0.7109375
8 0.2671875 0.2859375 0.509375 0.2859375 0.509375 0.684375 0.2671875 0.684375
8 0.0796875 0.2515625 0.3296875 0.2515625 0.3296875 0.6578125 0.0796875 0.6578125
8 0.003125 0.24375 0.125 0.24375 0.125 0.628125 0.003125 0.628125
8 0.034375 0 0.1734375 0 0.1734375 0.246875 0.034375 0.246875
8 0.125 0 0.3671875 0 0.3671875 0.2671875 0.125 0.2671875
8 0.31875 0 0.553125 0 0.553125 0.3140625 0.31875 0.3140625
8 0.5109375 0 0.7515625 0 0.7515625 0.340625 0.5109375 0.340625
8 0.6953125 0.0234375 0.953125 0.0234375 0.953125 0.38125 0.6953125 0.38125
8 0.89375 0.05 1 0.05 1 0.3828125 0.89375 0.3828125