13 0.284662 0.299400 0.046397 0.188319
13 0.548035 0.172489 0.040939 0.166485
12 0.347434 0.295988 0.040939 0.184225
11 0.410890 0.302811 0.064138 0.162391
15 0.472298 0.306905 0.039574 0.176037
26 0.277838 0.573008 0.040939 0.200600
27 0.344705 0.569596 0.081878 0.199236
9 0.409525 0.570278 0.036845 0.195142
7 0.477074 0.564138 0.076419 0.174672
21 0.340455 0.861042 0.048347 0.219900
5 0.267155 0.867280 0.057704 0.219900
18 0.412196 0.857923 0.054585 0.247973
17 0.484716 0.852464 0.056145 0.230817
12 0.574392 0.372895 0.138802 0.179351
20 0.565034 0.620087 0.054585 0.187149