1 0.759170 0.438865 0.089520 0.244541
2 0.284279 0.457424 0.078603 0.211790
3 0.392358 0.448690 0.076419 0.220524
3 0.506987 0.444323 0.104803 0.229258
0 0.635808 0.444323 0.096070 0.224891
4 0.867249 0.487991 0.065502 0.141921
4 0.962009 0.491266 0.075982 0.165939
56 0.743886 0.751092 0.316594 0.082969
56 0.751528 0.846070 0.318777 0.063319
42 0.464410 0.730349 0.229258 0.067686
42 0.463319 0.814410 0.227074 0.061135
42 0.244978 0.717249 0.165939 0.058952
42 0.248253 0.793668 0.181223 0.054585
41 0.079039 0.703057 0.139738 0.065502
41 0.070306 0.775109 0.122271 0.069869