48 0.499054 0.658006 0.082242 0.021106
48 0.493959 0.686026 0.080786 0.020378
48 0.492868 0.711863 0.082969 0.019651
48 0.493959 0.742067 0.080786 0.030568
48 0.422271 0.793013 0.064047 0.026201
48 0.426638 0.827948 0.062591 0.027656
48 0.428093 0.861790 0.064047 0.029840
45 0.509627 0.560540 0.159786 0.105200
13 0.646912 0.776045 0.031192 0.155958
13 0.696818 0.801778 0.028072 0.163755
13 0.752183 0.823612 0.035870 0.173113
12 0.641454 0.578915 0.032751 0.165315
12 0.700717 0.586712 0.038989 0.168434
12 0.759981 0.592951 0.042109 0.162196
12 0.821585 0.586712 0.040549 0.171553
8 0.759981 0.346538 0.057704 0.174672
8 0.830162 0.355895 0.042109 0.180911
9 0.634435 0.355895 0.053026 0.146600
9 0.700717 0.349657 0.029632 0.168434