37 0.750661 0.338404 0.144768 0.028660
37 0.745150 0.361552 0.142563 0.024985
38 0.747354 0.384990 0.141326 0.023670
38 0.618908 0.349833 0.114174 0.025759
38 0.611947 0.374896 0.115567 0.024366
37 0.749095 0.410053 0.140629 0.019493
38 0.617516 0.349833 0.112782 0.018797
38 0.613687 0.374547 0.117655 0.023670
39 0.614383 0.397870 0.119048 0.021582
39 0.614383 0.420148 0.116263 0.021582
56 0.516721 0.362739 0.080383 0.024759
56 0.510446 0.388685 0.086827 0.031882
56 0.510955 0.417175 0.085131 0.027812
56 0.514008 0.445326 0.085131 0.026455
55 0.433286 0.374440 0.065459 0.026455
55 0.425994 0.400217 0.078687 0.027133
55 0.429894 0.425146 0.079026 0.026116
42 0.357821 0.381054 0.061728 0.022046
42 0.352395 0.408696 0.068512 0.021707
42 0.355956 0.432099 0.069529 0.023063
41 0.294397 0.390212 0.061728 0.021368
41 0.286766 0.412766 0.062746 0.021707
41 0.288631 0.437695 0.063085 0.023403
43 0.227397 0.419974 0.054855 0.021397
43 0.229536 0.442344 0.056800 0.019452
43 0.231287 0.465103 0.050965 0.022176
44 0.181658 0.421076 0.037037 0.022928
44 0.175265 0.445988 0.055115 0.020723
44 0.178571 0.465608 0.054674 0.019400
48 0.737290 0.533414 0.127674 0.032781
48 0.728088 0.568783 0.125374 0.032206
48 0.732114 0.600127 0.129975 0.031631
47 0.616733 0.507399 0.107474 0.026868
47 0.609499 0.537574 0.107887 0.027695
47 0.611359 0.566096 0.106647 0.025215
47 0.611566 0.593585 0.106233 0.030589
47 0.516700 0.508639 0.090112 0.023562
47 0.508226 0.538194 0.090526 0.023148
47 0.509673 0.564649 0.091766 0.025628
47 0.513600 0.590071 0.091353 0.029349
46 0.431251 0.508411 0.076313 0.023063
46 0.420398 0.538258 0.081739 0.024420
46 0.422263 0.560982 0.082757 0.023742
46 0.425655 0.586589 0.084113 0.026116
46 0.353073 0.510616 0.074617 0.022724
46 0.343576 0.536223 0.072582 0.023063
46 0.344424 0.558608 0.073599 0.021707
46 0.348494 0.583537 0.073599 0.025438
49 0.267433 0.527235 0.075634 0.026116
49 0.268959 0.551825 0.075295 0.026455
49 0.273369 0.575058 0.075973 0.024759
49 0.277439 0.600326 0.071225 0.029847
45 0.202652 0.514347 0.052571 0.020689
45 0.202822 0.534697 0.054945 0.016619
45 0.206044 0.555216 0.054606 0.016958
45 0.208249 0.575566 0.055623 0.018315
45 0.211979 0.595408 0.054267 0.017976
53 0.768976 0.723698 0.106329 0.034086
53 0.766687 0.749644 0.102768 0.034086
53 0.766178 0.773555 0.096663 0.036121
53 0.768722 0.797212 0.098698 0.035613
53 0.666463 0.712759 0.087505 0.029508
53 0.669007 0.737434 0.088523 0.031034
53 0.672823 0.756003 0.090049 0.026455
53 0.671296 0.781950 0.089031 0.037648
36 0.583537 0.691901 0.071225 0.025438
36 0.581502 0.720136 0.082418 0.025946
36 0.583028 0.742013 0.082418 0.026964
36 0.585317 0.763380 0.084961 0.028999
36 0.506716 0.682489 0.069190 0.024929
36 0.499339 0.707926 0.068681 0.022894
36 0.502391 0.729548 0.070716 0.024420
36 0.503154 0.748881 0.077330 0.026455
36 0.366827 0.649093 0.067555 0.022676
36 0.356434 0.677674 0.070389 0.026927
36 0.359033 0.701294 0.066138 0.026927
36 0.361631 0.720663 0.069444 0.028817
36 0.298328 0.646022 0.060941 0.025983
36 0.288879 0.670115 0.066610 0.025038
36 0.290060 0.691610 0.066138 0.024565
36 0.292895 0.711924 0.061413 0.024565
36 0.291950 0.730584 0.055745 0.026927
34 0.436272 0.674603 0.065665 0.026455
34 0.429186 0.698696 0.066610 0.024565
34 0.432256 0.719246 0.069917 0.023148
34 0.430839 0.738379 0.067082 0.028345
34 0.433673 0.760110 0.063303 0.028345