40 0.703538 0.247189 0.142747 0.021495
40 0.685075 0.281911 0.175265 0.023699
40 0.682870 0.306437 0.169753 0.024250
40 0.681768 0.332341 0.165344 0.024250
44 0.556064 0.277099 0.077669 0.023742
44 0.557591 0.303724 0.078687 0.023403
44 0.557082 0.329670 0.080383 0.025777
44 0.558099 0.351716 0.072243 0.019672
44 0.481278 0.277269 0.068512 0.021368
44 0.482295 0.302707 0.069868 0.025438
44 0.484330 0.328314 0.068512 0.022385
44 0.485857 0.348833 0.066816 0.016619
42 0.413784 0.283883 0.063085 0.021707
42 0.415310 0.305250 0.063424 0.024420
42 0.417175 0.326787 0.064442 0.022046
42 0.419889 0.345442 0.063085 0.018654
42 0.351038 0.280830 0.058337 0.021028
42 0.353751 0.302367 0.059015 0.022724
42 0.356465 0.322887 0.059693 0.023742
42 0.358330 0.342728 0.055284 0.020689
41 0.293210 0.279134 0.054606 0.021028
41 0.297619 0.299484 0.054606 0.018993
41 0.300672 0.318478 0.053928 0.019672
41 0.303046 0.338489 0.053928 0.018315
43 0.237417 0.281509 0.059015 0.020350
43 0.239113 0.300672 0.057658 0.017298
43 0.245387 0.317969 0.055284 0.018654
43 0.250814 0.334927 0.050536 0.015263
56 0.185355 0.280830 0.047823 0.017637
56 0.190442 0.299824 0.045109 0.018315
56 0.193156 0.318308 0.046466 0.017298
56 0.195530 0.333740 0.045109 0.016280
40 0.681217 0.355820 0.168430 0.018519
55 0.726852 0.430886 0.067460 0.029762
55 0.724868 0.454034 0.067460 0.024471
55 0.723876 0.476190 0.064153 0.026455
55 0.724206 0.499008 0.064815 0.028439
55 0.721230 0.523148 0.061508 0.026455
55 0.651455 0.426587 0.080688 0.025132
55 0.648810 0.449405 0.083333 0.025794
55 0.650794 0.471892 0.080688 0.028439
55 0.649140 0.492725 0.083995 0.025132
55 0.649802 0.513889 0.080026 0.023810
39 0.570008 0.408583 0.078875 0.018617
39 0.566334 0.427445 0.083284 0.019106
39 0.562659 0.444591 0.083774 0.017147
39 0.563149 0.461983 0.084754 0.016657
39 0.563884 0.476680 0.083284 0.020576
39 0.564864 0.492602 0.082305 0.020086
39 0.566578 0.506810 0.082794 0.019106
37 0.490153 0.404909 0.076916 0.020086
37 0.483784 0.420831 0.072996 0.021556
37 0.480110 0.439202 0.075446 0.017147
37 0.479865 0.452920 0.077895 0.017147
37 0.484274 0.467372 0.079855 0.022536
37 0.484764 0.482069 0.074956 0.018617
37 0.485009 0.495052 0.073486 0.020086
38 0.418363 0.393264 0.062746 0.023403
38 0.414123 0.408866 0.057658 0.020011
38 0.406661 0.428368 0.067155 0.019672
38 0.407679 0.443630 0.067155 0.021028
38 0.408696 0.458384 0.067155 0.022724
38 0.411070 0.471442 0.066477 0.021028
38 0.412257 0.485178 0.066816 0.019333
49 0.331197 0.389194 0.074956 0.026794
49 0.334588 0.408866 0.072921 0.029508
49 0.338489 0.429046 0.073938 0.027133
49 0.339167 0.449735 0.069868 0.027812
49 0.341880 0.469068 0.068512 0.030525
49 0.258106 0.381563 0.065798 0.022385
49 0.263194 0.402252 0.061728 0.022385
49 0.267433 0.421076 0.068173 0.022724
49 0.271842 0.440748 0.064781 0.022724
49 0.275404 0.459232 0.067155 0.023063
45 0.203670 0.388855 0.051214 0.016619
45 0.206553 0.405983 0.048840 0.016958
45 0.213336 0.422093 0.048840 0.015263
45 0.216558 0.437017 0.047823 0.017298
45 0.219102 0.452618 0.048840 0.015941
45 0.153812 0.384615 0.046466 0.015602
45 0.160256 0.402252 0.046466 0.018315
45 0.164666 0.418023 0.045109 0.017298
45 0.170601 0.434982 0.046127 0.017976
45 0.173314 0.449735 0.046127 0.016958
50 0.679204 0.567920 0.101219 0.032781
50 0.683517 0.594088 0.105245 0.033356
50 0.679204 0.613929 0.095468 0.030481
50 0.679779 0.634921 0.096618 0.033356
50 0.682080 0.659938 0.102369 0.039683
50 0.582873 0.554693 0.086841 0.028180
50 0.585461 0.577697 0.088567 0.036232
50 0.583448 0.598689 0.085691 0.033356
50 0.588912 0.619105 0.092017 0.031631
50 0.588912 0.640959 0.086266 0.032781
34 0.501783 0.551242 0.067288 0.027030
34 0.504048 0.569384 0.066939 0.023649
34 0.505852 0.588424 0.067340 0.027257
34 0.506854 0.603856 0.064534 0.022848
34 0.510061 0.620491 0.070146 0.024852
34 0.434303 0.539322 0.066138 0.027658
34 0.435506 0.558161 0.065336 0.030063
34 0.437310 0.574595 0.064133 0.023649
34 0.440115 0.591631 0.060125 0.024050
34 0.438312 0.607664 0.059724 0.026455
53 0.369353 0.525878 0.057658 0.026116
53 0.372575 0.543346 0.056641 0.024420
53 0.374101 0.560134 0.055623 0.024081
53 0.378002 0.574210 0.055963 0.023063
53 0.381563 0.590999 0.056980 0.022724
53 0.311525 0.510955 0.052571 0.025438
53 0.314917 0.530627 0.051893 0.024081
53 0.317291 0.544363 0.049179 0.022385
53 0.320852 0.561321 0.050197 0.023742
53 0.323904 0.578280 0.054267 0.025098
36 0.263702 0.502646 0.043074 0.021707
36 0.264720 0.518247 0.043753 0.018315
36 0.268451 0.535545 0.050536 0.018315
36 0.270486 0.550129 0.047823 0.018993
36 0.273538 0.564035 0.045788 0.016280
36 0.216728 0.492979 0.044770 0.018654
36 0.219611 0.511125 0.045109 0.017637
36 0.221985 0.524691 0.042396 0.016958
36 0.223850 0.540802 0.044092 0.017298
36 0.227411 0.554708 0.046466 0.013906