22 0.3190376569037657 0.027894002789400282 0.348326359832636 0.03347280334728033 0.37029288702928864 0.11157601115760113 0.3692468619246862 0.25662482566248257 0.303347280334728 0.26220362622036264 0.29811715481171547 0.10739191073919108
22 0.39539748953974896 0.018131101813110177 0.42887029288702927 0.030683403068340307 0.44351464435146437 0.10599721059972106 0.448744769874477 0.2594142259414226 0.38179916317991636 0.2580195258019526 0.3786610878661088 0.11157601115760113
3 0.4707112970711297 0.009762900976290094 0.49895397489539745 0.008368200836820083 0.5271966527196653 0.08926080892608089 0.5282426778242678 0.25383542538354253 0.452928870292887 0.25662482566248257 0.448744769874477 0.09902370990237098
81 0.5219665271966527 0.034867503486750356 0.5669456066945606 0.030683403068340307 0.5711297071129707 0.25104602510460255 0.5313807531380753 0.2524407252440725
81 0.17050209205020916 0.0599721059972106 0.17468619246861924 0.2649930264993027 0.29602510460251047 0.2594142259414226 0.2928870292887029 0.0599721059972106
2 0.5826359832635982 0.030683403068340297 0.6161087866108786 0.03486750348675035 0.6297071129707112 0.11157601115760113 0.6370292887029289 0.24686192468619242 0.5763598326359832 0.24965132496513254 0.5742677824267782 0.11854951185495119
2 0.6548117154811715 0.03068340306834031 0.6830543933054394 0.03765690376569038 0.698744769874477 0.1101813110181311 0.6976987447698746 0.24407252440725244 0.6422594142259415 0.24546722454672246 0.6359832635983264 0.11854951185495119
21 0.7207112970711296 0.02649930264993028 0.75 0.03486750348675035 0.7698744769874477 0.10181311018131103 0.7635983263598327 0.23291492329149233 0.7081589958158996 0.23430962343096234 0.7092050209205021 0.11157601115760113
82 0.7991631799163179 0.013947001394700145 0.8315899581589958 0.019525801952580194 0.839958158995816 0.09344490934449093 0.8410041841004184 0.2287308228730823 0.7740585774058577 0.2287308228730823 0.7771966527196653 0.09902370990237098
82 0.860878661087866 0.023709902370990226 0.9225941422594143 0.027894002789400282 0.9341004184100419 0.06834030683403068 0.9393305439330546 0.22454672245467225 0.850418410041841 0.22733612273361228
82 0.11506276150627613 0.04602510460251048 0.14435146443514643 0.05299860529986053 0.16422594142259414 0.11715481171548117 0.16631799163179917 0.26638772663877264 0.10460251046025103 0.26638772663877264 0.10564853556485355 0.11715481171548117
