71 0.581622 0.831777 0.070806 0.138500
71 0.510815 0.829443 0.061469 0.133831
71 0.442733 0.828665 0.062247 0.130719
71 0.380486 0.831388 0.060691 0.133053
71 0.315515 0.830221 0.061469 0.133831
74 0.253268 0.826331 0.053688 0.140056
74 0.187908 0.822829 0.063025 0.136166
74 0.203859 0.667989 0.056022 0.126829
74 0.263383 0.667600 0.059913 0.132275
74 0.331466 0.667211 0.062247 0.131497
73 0.394491 0.667600 0.065359 0.133831
73 0.461407 0.668768 0.062247 0.139278
73 0.525599 0.667989 0.064581 0.129941
73 0.599129 0.668768 0.065359 0.137722
73 0.589402 0.509648 0.069250 0.138500
73 0.517429 0.510426 0.062247 0.140056
73 0.450514 0.507703 0.060691 0.143946
70 0.386321 0.507703 0.061469 0.150171
70 0.321351 0.506925 0.063803 0.142390
70 0.254435 0.509259 0.065359 0.148615
70 0.188687 0.511594 0.064581 0.140834
81 0.610119 0.343585 0.062831 0.150132
81 0.536045 0.345569 0.054894 0.142196
81 0.475198 0.344907 0.065476 0.140873
81 0.416667 0.348876 0.052910 0.138228
81 0.365079 0.350198 0.052910 0.142196
81 0.313823 0.352183 0.046958 0.135582
81 0.264550 0.352513 0.052910 0.134921
81 0.211971 0.353505 0.046958 0.139550
81 0.154451 0.364146 0.056800 0.115157
81 0.599518 0.169623 0.069250 0.143168
81 0.529879 0.172347 0.066916 0.147059
81 0.457516 0.174292 0.060691 0.138500
81 0.387877 0.178182 0.066138 0.141612
81 0.322907 0.185574 0.054466 0.131497
81 0.204248 0.178960 0.063025 0.140056