72 0.573629 0.384643 0.095827 0.226832
72 0.482048 0.393134 0.070354 0.214702
71 0.400170 0.397986 0.073993 0.204998
71 0.329209 0.401625 0.050946 0.204998
71 0.269165 0.401019 0.052159 0.203785
13 0.653174 0.237655 0.045348 0.183070
13 0.666611 0.492946 0.041989 0.172993
13 0.714478 0.488747 0.033591 0.174672
13 0.778300 0.481189 0.043668 0.186429
13 0.854720 0.486228 0.045348 0.189788
13 0.717837 0.231777 0.026873 0.191468
13 0.782499 0.222539 0.035270 0.196507
13 0.852200 0.214982 0.040309 0.194827
13 0.650655 0.739503 0.043668 0.186429
13 0.713638 0.747901 0.041989 0.206584
13 0.778300 0.756298 0.026873 0.206584
13 0.849681 0.768055 0.031911 0.216661
45 0.292833 0.619702 0.079630 0.021834
45 0.291549 0.654380 0.082199 0.011559
45 0.290907 0.678782 0.086052 0.026971
45 0.294760 0.712176 0.080914 0.029540
45 0.290907 0.741716 0.078346 0.011559
45 0.290265 0.770614 0.084768 0.028256
47 0.385949 0.625482 0.101464 0.020550
47 0.387233 0.656948 0.104033 0.029540
47 0.389802 0.691626 0.106602 0.026971
47 0.388518 0.721166 0.098895 0.024403
47 0.389160 0.750064 0.097611 0.028256
47 0.387876 0.786026 0.105317 0.028256
46 0.495762 0.628693 0.107886 0.032109
46 0.497046 0.663370 0.107886 0.026971
46 0.499615 0.696763 0.110455 0.029540
46 0.502183 0.729515 0.115592 0.030825
46 0.500899 0.763550 0.110455 0.029540
46 0.497688 0.796301 0.111739 0.033393
84 0.758760 0.626310 0.041929 0.030698
84 0.435185 0.516771 0.050664 0.034941
84 0.294986 0.797082 0.030573 0.032320
84 0.381464 0.815863 0.032320 0.029700
84 0.511181 0.831586 0.036688 0.027952
84 0.773962 0.105975 0.038994 0.029560
90 0.389185 0.723202 0.105961 0.226278
90 0.293136 0.712948 0.083402 0.213973
90 0.500615 0.738925 0.116899 0.245420
90 0.467460 0.414274 0.092972 0.247471
90 0.405934 0.413249 0.106645 0.249521
90 0.778846 0.199565 0.056241 0.234640
90 0.771892 0.722061 0.072569 0.251572