80 0.412872 0.341963 0.080058 0.090455
80 0.487731 0.343003 0.065502 0.086297
80 0.571429 0.344562 0.072780 0.095654
80 0.409753 0.444375 0.057184 0.087336
80 0.479414 0.444375 0.069661 0.095654
80 0.567790 0.449054 0.073820 0.096694
80 0.405594 0.545228 0.057184 0.091495
80 0.476814 0.550426 0.064462 0.089416
80 0.565710 0.557704 0.080058 0.099813
80 0.400395 0.653150 0.063423 0.099813
80 0.472136 0.657829 0.073820 0.096694
80 0.560512 0.667706 0.080058 0.099813
80 0.397276 0.763360 0.059264 0.106051
80 0.471096 0.771158 0.073820 0.105011
80 0.557392 0.784155 0.073820 0.114369
80 0.389478 0.879289 0.060304 0.107091
80 0.463818 0.890726 0.075899 0.115409
80 0.554793 0.910480 0.076939 0.119567