13 0.209170 0.267103 0.062591 0.190684
13 0.503668 0.166376 0.023581 0.168559
13 0.472227 0.177729 0.025328 0.147598
13 0.533997 0.393298 0.036286 0.166508
12 0.487849 0.373078 0.035124 0.184166
12 0.283201 0.275494 0.039815 0.186232
12 0.346134 0.273568 0.039815 0.190085
11 0.413563 0.278063 0.069355 0.188800
26 0.278852 0.554741 0.043668 0.194947
15 0.209451 0.564878 0.054585 0.212102
7 0.420774 0.546943 0.074860 0.185590
27 0.345914 0.559420 0.062383 0.182470
21 0.281971 0.854959 0.040549 0.221460
5 0.214130 0.865097 0.063943 0.207424
17 0.417654 0.850281 0.059264 0.224579
18 0.353712 0.858858 0.059264 0.213662