23 0.458285 0.501149 0.048265 0.212595
27 0.539876 0.501149 0.064353 0.210296
26 0.613422 0.502298 0.045966 0.212595
7 0.684670 0.502298 0.078143 0.219490
20 0.473225 0.811308 0.059756 0.225236
19 0.541600 0.818777 0.051712 0.221788
21 0.613422 0.817054 0.045966 0.216042
5 0.692714 0.821650 0.073546 0.211446
84 0.470668 0.359033 0.029820 0.014097
84 0.535730 0.359846 0.026567 0.010301
84 0.601063 0.356051 0.026025 0.010301
84 0.476632 0.650618 0.026567 0.011928
84 0.537899 0.653600 0.025483 0.008133
84 0.597538 0.656311 0.025483 0.010301
84 0.674257 0.661733 0.024940 0.012470
90 0.467686 0.472782 0.057471 0.265669
90 0.539796 0.473325 0.076990 0.267838
90 0.610009 0.472511 0.058013 0.282477
90 0.480427 0.774507 0.063435 0.294405
90 0.543320 0.779928 0.053676 0.300911
90 0.609738 0.779928 0.060724 0.290067
90 0.685372 0.779115 0.081869 0.291694