4 0.348929 0.258890 0.018715 0.039509
4 0.371803 0.255251 0.014556 0.036390
0 0.397835 0.235626 0.028202 0.065502
2 0.436954 0.226983 0.039119 0.084607
3 0.478348 0.229713 0.034571 0.077329
3 0.522016 0.230167 0.036390 0.078239
56 0.571213 0.321744 0.078939 0.021834
56 0.569533 0.347777 0.077819 0.021274
55 0.492554 0.323424 0.071661 0.018475
55 0.492274 0.347777 0.073340 0.021274
42 0.415908 0.323269 0.072988 0.019963
42 0.416532 0.346351 0.074236 0.019963
41 0.339352 0.322304 0.071381 0.021834
41 0.338092 0.345818 0.073900 0.020155
45 0.298503 0.436929 0.160324 0.021082
45 0.260137 0.463038 0.077979 0.023394
45 0.341235 0.459919 0.077979 0.020274
45 0.490954 0.437305 0.053026 0.053026
45 0.420774 0.445103 0.074860 0.040549
49 0.570493 0.442764 0.106051 0.057704
46 0.355271 0.533219 0.255770 0.060823
46 0.542420 0.541797 0.068621 0.043668
46 0.597006 0.530880 0.034311 0.046787
47 0.310618 0.635946 0.175822 0.064353
48 0.436451 0.631924 0.073546 0.063204
48 0.576649 0.639393 0.073546 0.045966
47 0.508274 0.638819 0.063204 0.042519
32 0.524937 0.804872 0.188462 0.043668
45 0.269823 0.819812 0.071248 0.036773
46 0.336474 0.818088 0.057458 0.044817
13 0.643983 0.384522 0.023047 0.101892
12 0.680980 0.383309 0.029112 0.097040
8 0.712518 0.380883 0.021834 0.104318
8 0.744663 0.383309 0.025473 0.094614
8 0.512979 0.895197 0.083697 0.087336
13 0.329209 0.899442 0.067928 0.083697
12 0.437166 0.897623 0.060650 0.087336
7 0.736572 0.524672 0.029476 0.096070
7 0.703275 0.525764 0.028384 0.093886
15 0.671616 0.524672 0.024017 0.089520
20 0.638319 0.525218 0.025109 0.099345
24 0.727764 0.655252 0.035624 0.094231
27 0.677775 0.658125 0.055160 0.099977
23 0.634682 0.650080 0.019536 0.102275