13 0.411870 0.535728 0.059547 0.236205
9 0.421794 0.845871 0.053593 0.233227
8 0.487297 0.833962 0.043668 0.205439
7 0.555776 0.829496 0.069472 0.206431
14 0.637158 0.826022 0.067487 0.189559
15 0.635173 0.526796 0.049623 0.220326
11 0.560242 0.529774 0.076419 0.206431
84 0.401283 0.388450 0.021673 0.009774
84 0.473950 0.386962 0.025072 0.010199
84 0.555541 0.384838 0.026772 0.009349
84 0.608873 0.382713 0.022947 0.010199
84 0.615460 0.673593 0.024222 0.010624
84 0.538756 0.677630 0.026347 0.011049
84 0.470551 0.681455 0.025922 0.008499
84 0.412545 0.685492 0.022947 0.008074
90 0.406541 0.505094 0.076730 0.287421
90 0.484528 0.503836 0.067925 0.279874
90 0.556855 0.498176 0.077987 0.276101
90 0.630126 0.495346 0.064780 0.283019
90 0.421006 0.817359 0.067925 0.305660
90 0.485472 0.800377 0.083648 0.272956
90 0.560629 0.799434 0.093082 0.273585
90 0.627925 0.790314 0.089308 0.284277