20 0.595299 0.462754 0.037246 0.134857
24 0.634472 0.469818 0.043668 0.118161
26 0.676856 0.465965 0.030825 0.125867
14 0.722451 0.463396 0.050090 0.120730
14 0.722451 0.625867 0.044952 0.101464
15 0.680067 0.631004 0.014128 0.114308
8 0.600437 0.628436 0.034678 0.116876
7 0.642178 0.626509 0.041099 0.123298
13 0.716029 0.769715 0.024403 0.111739
12 0.680709 0.779348 0.017981 0.113023
11 0.646674 0.779990 0.037246 0.114308
9 0.604932 0.769073 0.015412 0.107886
11 0.394940 0.660545 0.039815 0.104033
15 0.437966 0.650912 0.025687 0.110455