0 0.5703125 0.0046875 0.7125 0.0046875 0.7125 0.7265625 0.5703125 0.7265625
0 0.3171875 0 0.4703125 0 0.4703125 0.796875 0.3171875 0.796875
0 0.8109375 0.01875 0.959375 0.01875 0.959375 0.8296875 0.8109375 0.8296875
0 0.6890625 0.0125 0.83125 0.0125 0.83125 0.8265625 0.6890625 0.8265625
0 0.44375 0.0015625 0.5890625 0.0015625 0.5890625 0.8171875 0.44375 0.8171875
0 0.059375 0 0.2109375 0 0.2109375 0.809375 0.059375 0.809375
0 0.1859375 0 0.3359375 0 0.3359375 0.815625 0.1859375 0.815625
0 0.865625 0.2046875 0.9984375 0.2046875 0.9984375 1 0.865625 1
0 0.225 0.175 0.4 0.175 0.4 0.99375 0.225 0.99375
0 0.1078125 0.16875 0.2578125 0.16875 0.2578125 0.9859375 0.1078125 0.9859375
0 0.3640625 0.1890625 0.521875 0.1890625 0.521875 0.9984375 0.3640625 0.9984375
0 0.7328125 0.209375 0.8890625 0.209375 0.8890625 1 0.7328125 1
0 0.6109375 0.203125 0.7734375 0.203125 0.7734375 1 0.6109375 1
0 0 0.16875 0.140625 0.16875 0.140625 0.9796875 0 0.9796875
0 0.4828125 0.2125 0.6453125 0.2125 0.6453125 1 0.4828125 1