0 0.575 0.0171875 0.7515625 0.0171875 0.7515625 0.7421875 0.575 0.7421875
0 0.315625 0.0015625 0.50625 0.0015625 0.50625 0.7984375 0.315625 0.7984375
0 0.8109375 0.04375 0.996875 0.04375 0.996875 0.859375 0.8109375 0.859375
0 0.6890625 0.0296875 0.8703125 0.0296875 0.8703125 0.85 0.6890625 0.85
0 0.4421875 0.003125 0.625 0.003125 0.625 0.825 0.4421875 0.825
0 0.05625 0 0.246875 0 0.246875 0.796875 0.05625 0.796875
0 0.1828125 0.0015625 0.371875 0.0015625 0.371875 0.809375 0.1828125 0.809375
0 0.85625 0.2296875 1 0.2296875 1 1 0.85625 1
0 0.215625 0.1640625 0.4296875 0.1640625 0.4296875 0.9890625 0.215625 0.9890625
0 0.096875 0.1515625 0.2859375 0.1515625 0.2859375 0.9734375 0.096875 0.9734375
0 0.353125 0.1859375 0.5484375 0.1859375 0.5484375 1 0.353125 1
0 0.7234375 0.2296875 0.9171875 0.2296875 0.9171875 1 0.7234375 1
0 0.6015625 0.2140625 0.8015625 0.2140625 0.8015625 1 0.6015625 1
0 0 0.14375 0.16875 0.14375 0.16875 0.9609375 0 0.9609375
0 0.4734375 0.2171875 0.6734375 0.2171875 0.6734375 1 0.4734375 1