0 0.53125 0.021875 0.7296875 0.021875 0.7296875 0.753125 0.53125 0.753125
0 0.2734375 0.0015625 0.4875 0.0015625 0.4875 0.8046875 0.2734375 0.8046875
0 0.7671875 0.059375 0.975 0.059375 0.975 0.8734375 0.7671875 0.8734375
0 0.64375 0.0390625 0.846875 0.0390625 0.846875 0.8609375 0.64375 0.8609375
0 0.4 0.0140625 0.6046875 0.0140625 0.6046875 0.8328125 0.4 0.8328125
0 0.015625 0 0.228125 0 0.228125 0.796875 0.015625 0.796875
0 0.1421875 0.0015625 0.353125 0.0015625 0.353125 0.8125 0.1421875 0.8125
0 0.8125 0.2484375 1 0.2484375 1 1 0.8125 1
0 0.171875 0.171875 0.40625 0.171875 0.40625 0.98125 0.171875 0.98125
0 0.05625 0.1578125 0.265625 0.1578125 0.265625 0.9625 0.05625 0.9625
0 0.3125 0.1953125 0.528125 0.1953125 0.528125 0.9953125 0.3125 0.9953125
0 0.6796875 0.2453125 0.8921875 0.2453125 0.8921875 1 0.6796875 1
0 0.5578125 0.228125 0.7765625 0.228125 0.7765625 1 0.5578125 1
0 0.0015625 0.146875 0.15 0.146875 0.15 0.946875 0.0015625 0.946875
0 0.43125 0.228125 0.65 0.228125 0.65 1 0.43125 1