63 0.41655044165504423 0.4421199442119944 0.4407252440725244 0.44490934449093444 0.46490004649000466 0.47838214783821476 0.47605764760576474 0.5313807531380753 0.4667596466759647 0.5815899581589958 0.399814039981404 0.5746164574616457 0.39609483960948394 0.5062761506276151 0.41469084146908414 0.4755927475592748
63 0.5076708507670851 0.44072524407252445 0.5355648535564853 0.44490934449093444 0.5560204556020456 0.4811715481171548 0.5653184565318456 0.5369595536959554 0.5597396559739656 0.5774058577405857 0.4872152487215249 0.5746164574616457 0.48349604834960486 0.49651324965132493 0.5058112505811251 0.4644351464435147
63 0.5987912598791261 0.44072524407252445 0.6341236634123664 0.4463040446304045 0.6620176662017666 0.49232914923291493 0.6582984658298465 0.5801952580195259 0.5839144583914458 0.5788005578800559 0.5783356578335658 0.49232914923291493 0.6006508600650861 0.46582984658298465
63 0.608089260808926 0.602510460251046 0.6378428637842863 0.6080892608089261 0.6713156671315668 0.6485355648535563 0.6713156671315668 0.698744769874477 0.6657368665736867 0.7336122733612274 0.5913528591352859 0.7364016736401673 0.5820548582054859 0.6652719665271967 0.602510460251046 0.6317991631799164
63 0.5151092515109251 0.602510460251046 0.5485820548582054 0.6052998605299861 0.5727568572756857 0.6401673640167364 0.5764760576476058 0.701534170153417 0.5671780567178056 0.7336122733612274 0.502092050209205 0.7364016736401673 0.49465364946536494 0.6555090655509066 0.5132496513249651 0.6331938633193863
63 0.4202696420269642 0.603905160390516 0.4593212459321246 0.6122733612273361 0.48535564853556484 0.6429567642956764 0.4872152487215249 0.7308228730822873 0.4184100418410041 0.7322175732217573 0.4109716410971641 0.6485355648535563 0.42584844258484433 0.6262203626220363
63 0.3365876336587634 0.5969316596931659 0.37935843793584373 0.6052998605299861 0.3923756392375639 0.6345885634588564 0.40353324035332405 0.6875871687587168 0.401673640167364 0.7322175732217573 0.32357043235704325 0.7294281729428173 0.3198512319851232 0.6582984658298465 0.3365876336587634 0.6276150627615062
64 0.25290562529056254 0.5983263598326358 0.28637842863784285 0.6052998605299861 0.30497443049744305 0.6290097629009763 0.3105532310553231 0.6792189679218968 0.3068340306834031 0.7266387726638771 0.2398884239888424 0.7266387726638771 0.23245002324500233 0.6666666666666665 0.2510460251046025 0.6387726638772664
64 0.16736401673640164 0.602510460251046 0.19711761971176198 0.6080892608089261 0.22687122268712226 0.6499302649930265 0.22501162250116227 0.7252440725244073 0.1506276150627615 0.7252440725244073 0.1487680148768015 0.6443514644351463
64 0.08554160855416085 0.599721059972106 0.12087401208740121 0.606694560669456 0.1413296141329614 0.6359832635983264 0.1487680148768015 0.7266387726638771 0.06880520688052069 0.7252440725244073 0.06508600650860065 0.6457461645746164 0.08554160855416086 0.6220362622036262
64 0.06880520688052069 0.7545327754532775 0.09298000929800093 0.7587168758716875 0.12087401208740121 0.8019525801952581 0.12459321245932124 0.8870292887029287 0.039051603905160395 0.8856345885634586 0.037192003719200374 0.806136680613668 0.06322640632264064 0.7810320781032078
64 0.15248721524872155 0.7545327754532777 0.18410041841004182 0.7642956764295676 0.200836820083682 0.793584379358438 0.20827522082752212 0.8898186889818689 0.13761041376104138 0.888423988842399 0.13389121338912133 0.8186889818688983 0.15248721524872152 0.7866108786610879
59 0.23430962343096237 0.7587168758716877 0.26778242677824265 0.7670850767085077 0.28451882845188287 0.799163179916318 0.2900976290097629 0.8898186889818689 0.2175732217573222 0.8898186889818689 0.21385402138540216 0.810320781032078 0.23245002324500233 0.7810320781032078
59 0.3198512319851232 0.7601115760111575 0.35890283589028354 0.7656903765690377 0.37749883774988374 0.806136680613668 0.37935843793584373 0.896792189679219 0.303114830311483 0.895397489539749 0.297536029753603 0.8117154811715481 0.3179916317991632 0.7824267782426779
59 0.401673640167364 0.7615062761506277 0.4444444444444444 0.7670850767085077 0.4593212459321246 0.793584379358438 0.4667596466759647 0.895397489539749 0.3812180381218038 0.8940027894002789 0.38493723849372385 0.803347280334728
59 0.4872152487215249 0.7587168758716875 0.5281264528126453 0.7656903765690377 0.5504416550441655 0.8075313807531381 0.5504416550441655 0.891213389121339 0.4723384472338447 0.8898186889818689 0.47419804741980476 0.8019525801952581
59 0.5857740585774058 0.7587168758716873 0.6285448628544863 0.7684797768479776 0.6508600650860065 0.8270571827057183 0.6434216643421664 0.895397489539749 0.5653184565318456 0.892608089260809 0.5634588563458857 0.8089260808926081
58 0.06694560669456073 0.43793584379358436 0.09855880985588099 0.44351464435146437 0.12273361227336123 0.48535564853556484 0.12273361227336123 0.5788005578800557 0.04091120409112041 0.5801952580195258 0.04277080427708043 0.502092050209205 0.06322640632264064 0.4630404463040446
58 0.1487680148768015 0.4365411436541144 0.18596001859600186 0.44351464435146437 0.2101348210134821 0.4839609483960948 0.21385402138540216 0.5732217573221757 0.13575081357508137 0.5732217573221757 0.13389121338912133 0.49232914923291493 0.15248721524872152 0.4616457461645746
58 0.24174802417480237 0.4351464435146443 0.2733612273361227 0.43793584379358436 0.29381682938168296 0.4797768479776848 0.30497443049744305 0.5760111576011158 0.22501162250116225 0.5746164574616457 0.22315202231520226 0.4909344490934449 0.24174802417480243 0.45885634588563456
58 0.32357043235704325 0.4407252440725244 0.36634123663412366 0.4504881450488145 0.3905160390516039 0.4839609483960948 0.3886564388656438 0.5788005578800557 0.3124128312412831 0.5801952580195258 0.30497443049744305 0.49511854951185497 0.3217108321710832 0.4630404463040446
