18 0.322271 0.318231 0.037118 0.191048
18 0.364301 0.318231 0.031659 0.201965
18 0.398690 0.315502 0.026201 0.194323
18 0.434170 0.310590 0.029476 0.197598
18 0.474017 0.310590 0.032751 0.197598
18 0.513319 0.305131 0.026201 0.201965
18 0.552074 0.313319 0.031659 0.209607
18 0.594105 0.308952 0.026201 0.200873
18 0.632314 0.308952 0.028384 0.196507
18 0.674891 0.310590 0.030568 0.210699
18 0.711463 0.304585 0.027293 0.203057
18 0.750218 0.306769 0.024017 0.200873
17 0.451638 0.615721 0.040393 0.220524
17 0.499672 0.621179 0.036026 0.222707
17 0.542795 0.621179 0.041485 0.218341
17 0.592467 0.625546 0.031659 0.216157
17 0.642140 0.624454 0.026201 0.224891
17 0.696725 0.626638 0.030568 0.235808
17 0.743122 0.630459 0.033843 0.236900
6 0.252402 0.618996 0.041485 0.198690
6 0.300437 0.619541 0.032751 0.206332
6 0.347926 0.621179 0.040393 0.205240
6 0.401419 0.618996 0.036026 0.211790
6 0.162846 0.614447 0.041849 0.220160
6 0.208333 0.612627 0.034571 0.227438