3 0.240817 0.329052 0.078346 0.208066
3 0.333933 0.321988 0.087336 0.183663
3 0.266504 0.626381 0.096327 0.240175
2 0.378885 0.613537 0.100180 0.209350
1 0.480349 0.633445 0.074493 0.179810
1 0.561906 0.624454 0.062933 0.169535
0 0.642178 0.623170 0.071924 0.169535
0 0.721166 0.616748 0.055227 0.159260
0 0.710249 0.336758 0.051374 0.128436
0 0.771256 0.351528 0.042384 0.152838
2 0.419985 0.316209 0.069355 0.164398
2 0.506036 0.320062 0.074493 0.159260
1 0.584382 0.336758 0.056512 0.125867
1 0.649884 0.339327 0.043668 0.128436
4 0.779140 0.643769 0.035270 0.085657
4 0.830366 0.647128 0.036950 0.082298
84 0.309583 0.773750 0.042205 0.018206
84 0.398544 0.776233 0.038067 0.023171
84 0.640185 0.757613 0.038067 0.015723
84 0.827210 0.748924 0.033102 0.018206
90 0.273585 0.647137 0.115856 0.281364
90 0.385303 0.645482 0.097650 0.287984
90 0.680735 0.656653 0.142337 0.250745
90 0.816038 0.682307 0.106753 0.166336