73 0.619651 0.346434 0.074236 0.200873
73 0.542504 0.356623 0.056769 0.192140
73 0.482096 0.366084 0.049491 0.164483
73 0.434789 0.377729 0.039301 0.164483
73 0.384571 0.382824 0.034934 0.151383
71 0.612373 0.577875 0.071325 0.189229
71 0.546870 0.570597 0.056769 0.171761
70 0.492285 0.570597 0.052402 0.171761
70 0.438428 0.573508 0.046579 0.160116
70 0.396943 0.568413 0.033479 0.147016
70 0.354731 0.561863 0.039301 0.142649
72 0.300873 0.553130 0.062591 0.110626
71 0.313974 0.392285 0.094614 0.149927