45 0.410419 0.533187 0.058254 0.016960
45 0.466439 0.536364 0.041667 0.015152
45 0.465682 0.559091 0.038636 0.022727
45 0.412652 0.552652 0.056818 0.017424
45 0.413030 0.574621 0.059091 0.021970
45 0.463788 0.580303 0.037879 0.018182
38 0.740909 0.490758 0.106061 0.037879
38 0.740152 0.507424 0.122727 0.019697
38 0.743939 0.527121 0.112121 0.022727
2 0.608333 0.136970 0.037879 0.118182
3 0.656061 0.132424 0.036364 0.118182
3 0.708333 0.118030 0.040909 0.116667
41 0.634091 0.425606 0.083333 0.022727
41 0.634848 0.397576 0.072727 0.018182
41 0.634091 0.374848 0.077273 0.015152
42 0.721970 0.374848 0.092424 0.021212
42 0.720455 0.402121 0.092424 0.021212
42 0.723485 0.426364 0.095455 0.015152
2 0.684091 0.269545 0.031818 0.089394
2 0.725758 0.268030 0.030303 0.095455
3 0.760606 0.266515 0.033333 0.098485