5 0.713622 0.198328 0.037879 0.107919
21 0.683605 0.197613 0.019297 0.113636
21 0.665023 0.199400 0.020726 0.115780
20 0.637150 0.194397 0.029302 0.112922
24 0.606775 0.196541 0.038593 0.117210
26 0.572470 0.197256 0.025729 0.120069
26 0.552101 0.197256 0.022156 0.114351
27 0.522084 0.197256 0.035020 0.117210
23 0.495998 0.199757 0.024300 0.116495
23 0.474200 0.199400 0.020726 0.115780
14 0.445969 0.195826 0.041452 0.117210
15 0.415595 0.202973 0.020726 0.110063
7 0.364494 0.204403 0.037164 0.101487
9 0.334984 0.198113 0.022799 0.106918
11 0.278774 0.201258 0.040881 0.100629
17 0.191038 0.209993 0.021838 0.117051
17 0.211565 0.209119 0.015723 0.104822
13 0.226852 0.202131 0.018344 0.103075
12 0.246069 0.206936 0.021838 0.109189
46 0.688352 0.302804 0.079271 0.019654
46 0.688024 0.321475 0.079927 0.021619
46 0.688679 0.341457 0.082547 0.018344
53 0.609408 0.302476 0.078616 0.020309
53 0.608097 0.321475 0.075996 0.020309
53 0.609408 0.341129 0.077306 0.021619
53 0.532757 0.302804 0.077306 0.018344
53 0.532429 0.324423 0.074030 0.020964
53 0.532429 0.342440 0.074030 0.020309
36 0.456106 0.304442 0.078616 0.018999
36 0.457089 0.323768 0.077961 0.019654
36 0.454796 0.343095 0.077306 0.020309
46 0.384696 0.317217 0.064203 0.017034
46 0.385351 0.331630 0.064203 0.014413
46 0.385351 0.347026 0.064203 0.016378
32 0.314662 0.307586 0.071410 0.018999
33 0.315972 0.327241 0.071410 0.021619
33 0.317282 0.347222 0.067479 0.018344
33 0.270113 0.318396 0.018999 0.070755
33 0.253079 0.319051 0.016378 0.072065
81 0.208530 0.315121 0.074030 0.017034
81 0.209185 0.330844 0.074030 0.017034
81 0.209185 0.346567 0.071410 0.017034
40 0.206564 0.391116 0.077961 0.022275
40 0.208202 0.413719 0.075996 0.021619
40 0.209513 0.435010 0.073375 0.020964
44 0.283871 0.386858 0.077961 0.021619
44 0.284526 0.410443 0.076651 0.021619
44 0.285508 0.433045 0.074686 0.022275
43 0.364125 0.392099 0.078616 0.024240
43 0.363797 0.413391 0.075341 0.020964
43 0.362814 0.434355 0.077306 0.023585
41 0.443069 0.390461 0.077961 0.020964
41 0.441758 0.414046 0.076651 0.022275
41 0.441431 0.436321 0.075996 0.023585
42 0.522995 0.391444 0.079271 0.024240
42 0.520375 0.413063 0.079271 0.021619
42 0.521030 0.435666 0.079271 0.024895
56 0.605215 0.390134 0.082547 0.024240
56 0.601612 0.413391 0.081892 0.022275
56 0.600957 0.436976 0.081892 0.022275
55 0.689727 0.389479 0.085168 0.026861
55 0.685469 0.413391 0.085823 0.019654
55 0.683831 0.436648 0.083857 0.022930
46 0.676432 0.508110 0.095995 0.023171
46 0.676018 0.530453 0.093512 0.019861
46 0.674777 0.552383 0.092685 0.025654
49 0.575472 0.501903 0.104270 0.022344
49 0.576299 0.525074 0.107580 0.022344
49 0.576713 0.551142 0.103443 0.024826
45 0.481546 0.507696 0.080271 0.020689
45 0.484856 0.529626 0.080271 0.021516
45 0.484856 0.551142 0.080271 0.023171
38 0.402516 0.487835 0.084409 0.015723
38 0.395482 0.503558 0.091857 0.017378
38 0.395482 0.520109 0.091857 0.017378
38 0.397550 0.536246 0.091029 0.018206
38 0.397964 0.551970 0.088547 0.018206
37 0.313969 0.485766 0.086064 0.018206
37 0.304452 0.503145 0.090202 0.018206
37 0.306107 0.521351 0.088547 0.016551
37 0.306107 0.535419 0.091857 0.014896
37 0.307349 0.551142 0.089374 0.016551
39 0.222112 0.486180 0.084409 0.017378
39 0.214250 0.503558 0.093512 0.017378
39 0.213836 0.517627 0.091029 0.017378
39 0.215078 0.533350 0.090202 0.015723
39 0.217974 0.550314 0.086064 0.014896
48 0.677425 0.620242 0.089374 0.022344
48 0.675770 0.643827 0.091029 0.021516
47 0.587637 0.620242 0.090202 0.022344
47 0.588464 0.641758 0.085237 0.020689
46 0.500745 0.616518 0.085237 0.021516
46 0.501159 0.640103 0.084409 0.022344
50 0.409715 0.612380 0.096822 0.019861
50 0.410957 0.636792 0.097650 0.022344
50 0.312066 0.613621 0.095167 0.022344
50 0.315376 0.635551 0.095167 0.019861
81 0.224760 0.593760 0.084409 0.022344
81 0.226001 0.613208 0.080271 0.021516
81 0.228070 0.634724 0.081099 0.018206