63 0.4424686192468619 0.5062761506276151 0.4696652719665272 0.5146443514644351 0.4884937238493724 0.5704323570432357 0.49581589958158995 0.6541143654114365 0.48744769874476984 0.7085076708507672 0.4309623430962343 0.697350069735007 0.4246861924686193 0.601115760111576 0.4382845188284519 0.5509065550906556
64 0.37029288702928875 0.497907949790795 0.39539748953974896 0.5076708507670851 0.41527196652719667 0.5620641562064156 0.4236401673640167 0.6959553695955368 0.37029288702928864 0.690376569037657 0.3577405857740586 0.6150627615062761 0.3619246861924686 0.5578800557880056 0.3713389121338912 0.5425383542538355
58 0.2981171548117155 0.49093444909344497 0.3263598326359833 0.504881450488145 0.350418410041841 0.5634588563458857 0.350418410041841 0.6080892608089261 0.3598326359832636 0.6875871687587168 0.3064853556485356 0.6889818688981869 0.28870292887029286 0.6080892608089261 0.2939330543933054 0.5495118549511855
59 0.22698744769874474 0.48953974895397495 0.252092050209205 0.49372384937238495 0.2719665271966527 0.5467224546722455 0.2824267782426778 0.5648535564853556 0.2918410041841004 0.690376569037657 0.2405857740585774 0.6847977684797768 0.22384937238493724 0.6345885634588564 0.2186192468619247 0.5592747559274756 0.22594142259414227 0.5355648535564853
57 0.1548117154811715 0.4839609483960948 0.1903765690376569 0.49232914923291493 0.2102510460251046 0.5509065550906556 0.2290794979079498 0.6806136680613668 0.17154811715481175 0.6792189679218968 0.15481171548117154 0.5941422594142259 0.15481171548117154 0.5341701534170153
82 0.07531380753138074 0.4574616457461646 0.10669456066945607 0.4630404463040446 0.14644351464435146 0.5202231520223152 0.16527196652719664 0.6764295676429568 0.09205020920502091 0.6708507670850767 0.0596234309623431 0.5383542538354253 0.0805439330543933 0.48675034867503486
82 0.5115062761506276 0.504881450488145 0.5334728033472803 0.5118549511854951 0.5690376569037657 0.5760111576011158 0.5774058577405857 0.6206415620641562 0.5700836820083682 0.7140864714086473 0.5156903765690377 0.697350069735007 0.5104602510460251 0.6248256624825662 0.5094142259414226 0.5648535564853556
82 0.5993723849372384 0.5090655509065551 0.6150627615062761 0.5132496513249651 0.6485355648535563 0.5732217573221757 0.6537656903765691 0.6541143654114365 0.6391213389121339 0.7071129707112971 0.5857740585774058 0.701534170153417 0.5899581589958159 0.6304044630404463 0.5826359832635983 0.5648535564853556 0.5910041841004184 0.5411436541143654
82 0.686192468619247 0.513249651324965 0.7071129707112971 0.5216178521617852 0.7248953974895397 0.602510460251046 0.7259414225941423 0.7182705718270571 0.6663179916317992 0.7154811715481172 0.6589958158995816 0.595536959553696 0.6841004184100419 0.5523012552301255
82 0.7625523012552301 0.5160390516039052 0.7866108786610879 0.5188284518828452 0.8023012552301254 0.601115760111576 0.7960251046025104 0.7196652719665272 0.7311715481171548 0.7210599721059973 0.7374476987447699 0.6094839609483961 0.7531380753138075 0.5564853556485355
82 0.8336820083682009 0.5160390516039051 0.8682008368200836 0.5244072524407253 0.8807531380753139 0.6150627615062761 0.8713389121338913 0.7210599721059973 0.805439330543933 0.7196652719665272 0.805439330543933 0.6108786610878661 0.8347280334728033 0.5536959553695955
