1 0.6171875 0.0140625 0.759375 0.0140625 0.759375 0.3265625 0.6171875 0.3265625
1 0.434375 0.003125 0.5703125 0.003125 0.5703125 0.30625 0.434375 0.30625
1 0.821875 0.034375 0.9640625 0.034375 0.9640625 0.346875 0.821875 0.346875
1 0.2375 0.0015625 0.3734375 0.0015625 0.3734375 0.2875 0.2375 0.2875
1 0.05 0 0.184375 0 0.184375 0.2734375 0.05 0.2734375
1 0.8 0.3515625 0.9359375 0.3515625 0.9359375 0.6796875 0.8 0.6796875
1 0.2125 0.2953125 0.3484375 0.2953125 0.3484375 0.628125 0.2125 0.628125
1 0.4109375 0.315625 0.546875 0.315625 0.546875 0.6484375 0.4109375 0.6484375
1 0.0171875 0.2796875 0.1578125 0.2796875 0.1578125 0.6171875 0.0171875 0.6171875
8 0.5953125 0.440625 0.725 0.440625 0.725 0.665625 0.5953125 0.665625
1 0.771875 0.6875 0.9109375 0.6875 0.9109375 1 0.771875 1
1 0.5625 0.66875 0.7078125 0.66875 0.7078125 1 0.5625 1
1 0.175 0.634375 0.3203125 0.634375 0.3203125 0.978125 0.175 0.978125
1 0.3765625 0.6546875 0.521875 0.6546875 0.521875 0.9953125 0.3765625 0.9953125
1 0 0.621875 0.125 0.621875 0.125 0.9578125 0 0.9578125