1 0.6 0.003125 0.7359375 0.003125 0.7359375 0.3515625 0.6 0.3515625
1 0.409375 0 0.540625 0 0.540625 0.3421875 0.409375 0.3421875
1 0.8109375 0.0125 0.9484375 0.0125 0.9484375 0.3625 0.8109375 0.3625
1 0.2046875 0 0.3359375 0 0.3359375 0.3359375 0.2046875 0.3359375
1 0.0125 0 0.1390625 0 0.1390625 0.3328125 0.0125 0.3328125
1 0.8109375 0.3734375 0.9375 0.3734375 0.9375 0.7078125 0.8109375 0.7078125
1 0.2015625 0.35 0.3296875 0.35 0.3296875 0.690625 0.2015625 0.690625
1 0.4078125 0.359375 0.5359375 0.359375 0.5359375 0.696875 0.4078125 0.696875
1 0.0046875 0.3453125 0.13125 0.3453125 0.13125 0.6875 0.0046875 0.6875
8 0.6015625 0.4765625 0.728125 0.4765625 0.728125 0.7046875 0.6015625 0.7046875
1 0.8078125 0.721875 0.934375 0.721875 0.934375 1 0.8078125 1
1 0.590625 0.715625 0.725 0.715625 0.725 1 0.590625 1
1 0.1875 0.7015625 0.3203125 0.7015625 0.3203125 0.99375 0.1875 0.99375
1 0.396875 0.709375 0.5296875 0.709375 0.5296875 1 0.396875 1
1 0.0078125 0.7 0.1203125 0.7 0.1203125 0.9859375 0.0078125 0.9859375