1 0.240625 0.00625 0.3828125 0.00625 0.3828125 0.3140625 0.240625 0.3140625
1 0.4265625 0 0.565625 0 0.565625 0.29375 0.4265625 0.29375
1 0.034375 0.0265625 0.178125 0.0265625 0.178125 0.3359375 0.034375 0.3359375
1 0.6265625 0 0.765625 0 0.765625 0.2734375 0.6265625 0.2734375
1 0.815625 0 0.9515625 0 0.9515625 0.2578125 0.815625 0.2578125
1 0.0640625 0.3390625 0.2015625 0.3390625 0.2015625 0.6703125 0.0640625 0.6703125
1 0.6546875 0.2796875 0.7921875 0.2796875 0.7921875 0.615625 0.6546875 0.615625
1 0.4546875 0.3015625 0.5921875 0.3015625 0.5921875 0.6359375 0.4546875 0.6359375
1 0.8453125 0.2625 0.9890625 0.2625 0.9890625 0.603125 0.8453125 0.603125
8 0.2734375 0.4265625 0.40625 0.4265625 0.40625 0.6546875 0.2734375 0.6546875
1 0.0890625 0.6765625 0.2296875 0.6765625 0.2296875 0.9984375 0.0890625 0.9984375
1 0.290625 0.6578125 0.440625 0.6578125 0.440625 0.996875 0.290625 0.996875
1 0.684375 0.6203125 0.8328125 0.6203125 0.8328125 0.965625 0.684375 0.965625
1 0.4796875 0.6421875 0.6296875 0.6421875 0.6296875 0.984375 0.4796875 0.984375
1 0.878125 0.6078125 1 0.6078125 1 0.9453125 0.878125 0.9453125