8 0.23125 0.0203125 0.4328125 0.0203125 0.4328125 0.3234375 0.23125 0.3234375
8 0.5015625 0.01875 0.7109375 0.01875 0.7109375 0.3421875 0.5015625 0.3421875
8 0.7640625 0.659375 0.9765625 0.659375 0.9765625 0.9859375 0.7640625 0.9859375
8 0 0.6359375 0.1640625 0.6359375 0.1640625 0.959375 0 0.959375
8 0 0.015625 0.184375 0.015625 0.184375 0.3296875 0 0.3296875
8 0.7890625 0.034375 1 0.034375 1 0.3484375 0.7890625 0.3484375
8 0.2140625 0.31875 0.4328125 0.31875 0.4328125 0.65625 0.2140625 0.65625
8 0.771875 0.3390625 0.9765625 0.3390625 0.9765625 0.659375 0.771875 0.659375
8 0.21875 0.6515625 0.4296875 0.6515625 0.4296875 0.96875 0.21875 0.96875
8 0 0.315625 0.1765625 0.315625 0.1765625 0.6453125 0 0.6453125
8 0.503125 0.33125 0.715625 0.33125 0.715625 0.6640625 0.503125 0.6640625
8 0.4890625 0.6515625 0.7078125 0.6515625 0.7078125 0.9765625 0.4890625 0.9765625