8 0.2171875 0.08125 0.453125 0.08125 0.453125 0.403125 0.2171875 0.403125
8 0.4828125 0.034375 0.7296875 0.034375 0.7296875 0.378125 0.4828125 0.378125
8 0.8578125 0.6265625 1 0.6265625 1 0.9546875 0.8578125 0.9546875
8 0.053125 0.73125 0.2984375 0.73125 0.2984375 1 0.053125 1
8 0.0015625 0.1140625 0.209375 0.1140625 0.209375 0.4515625 0.0015625 0.4515625
8 0.76875 0.00625 0.98125 0.00625 0.98125 0.3375 0.76875 0.3375
8 0.2546875 0.375 0.5125 0.375 0.5125 0.7328125 0.2546875 0.7328125
8 0.8046875 0.3078125 1 0.3078125 1 0.646875 0.8046875 0.646875
8 0.3171875 0.703125 0.5625 0.703125 0.5625 1 0.3171875 1
8 0.0046875 0.4125 0.2578125 0.4125 0.2578125 0.765625 0.0046875 0.765625
8 0.5421875 0.3421875 0.790625 0.3421875 0.790625 0.6953125 0.5421875 0.6953125
8 0.584375 0.659375 0.8390625 0.659375 0.8390625 0.9921875 0.584375 0.9921875