8 0.4625 0.0328125 0.7 0.0328125 0.7 0.353125 0.4625 0.353125
8 0.19375 0.06875 0.440625 0.06875 0.440625 0.409375 0.19375 0.409375
8 0.0375 0.725 0.2765625 0.725 0.2765625 1 0.0375 1
8 0.809375 0.590625 1 0.590625 1 0.934375 0.809375 0.934375
8 0.7015625 0.0046875 0.9578125 0.0046875 0.9578125 0.325 0.7015625 0.325
8 0 0.121875 0.1625 0.121875 0.1625 0.453125 0 0.453125
8 0.5046875 0.31875 0.7625 0.31875 0.7625 0.675 0.5046875 0.675
8 0 0.4140625 0.2234375 0.4140625 0.2234375 0.753125 0 0.753125
8 0.5546875 0.6421875 0.803125 0.6421875 0.803125 0.978125 0.5546875 0.978125
8 0.753125 0.28125 1 0.28125 1 0.63125 0.753125 0.63125
8 0.2328125 0.3703125 0.484375 0.3703125 0.484375 0.7203125 0.2328125 0.7203125
8 0.2859375 0.6796875 0.5421875 0.6796875 0.5421875 1 0.2859375 1