7 0.3609375 0.0234375 0.4921875 0.0234375 0.4921875 0.4484375 0.3609375 0.4484375
7 0.7296875 0.125 0.85 0.125 0.85 0.5453125 0.7296875 0.5453125
7 0.2765625 0.0546875 0.409375 0.0546875 0.409375 0.46875 0.2765625 0.46875
7 0.1859375 0.0703125 0.3171875 0.0703125 0.3171875 0.49375 0.1859375 0.49375
7 0.634375 0.1484375 0.765625 0.1484375 0.765625 0.515625 0.634375 0.515625
7 0.80625 0.096875 0.9359375 0.096875 0.9359375 0.5171875 0.80625 0.5171875
7 0.559375 0.1828125 0.675 0.1828125 0.675 0.46875 0.559375 0.46875
7 0.4734375 0.215625 0.596875 0.215625 0.596875 0.434375 0.4734375 0.434375
7 0.4546875 0.003125 0.5734375 0.003125 0.5734375 0.225 0.4546875 0.225
7 0.096875 0.1109375 0.2328125 0.1109375 0.2328125 0.53125 0.096875 0.53125
7 0.8875 0.071875 1 0.071875 1 0.49375 0.8875 0.49375
7 0.015625 0.1375 0.1546875 0.1375 0.1546875 0.5625 0.015625 0.5625