7 0.346875 0.015625 0.453125 0.015625 0.453125 0.4265625 0.346875 0.4265625
7 0.7109375 0.0890625 0.8078125 0.0890625 0.8078125 0.496875 0.7109375 0.496875
7 0.265625 0.0515625 0.375 0.0515625 0.375 0.4515625 0.265625 0.4515625
7 0.178125 0.071875 0.284375 0.071875 0.284375 0.4828125 0.178125 0.4828125
7 0.6171875 0.11875 0.7265625 0.11875 0.7265625 0.4734375 0.6171875 0.4734375
7 0.784375 0.05625 0.890625 0.05625 0.890625 0.4640625 0.784375 0.4640625
7 0.540625 0.1578125 0.6390625 0.1578125 0.6390625 0.4328125 0.540625 0.4328125
7 0.4546875 0.1953125 0.5640625 0.1953125 0.5640625 0.40625 0.4546875 0.40625
7 0.4265625 0 0.5328125 0 0.5328125 0.2046875 0.4265625 0.2046875
7 0.09375 0.11875 0.20625 0.11875 0.20625 0.5265625 0.09375 0.5265625
7 0.8625 0.028125 0.971875 0.028125 0.971875 0.4359375 0.8625 0.4359375
7 0.0140625 0.1515625 0.1296875 0.1515625 0.1296875 0.559375 0.0140625 0.559375