7 0.29375 0.0625 0.453125 0.0625 0.453125 0.4671875 0.29375 0.4671875
7 0.65 0.084375 0.8 0.084375 0.8 0.484375 0.65 0.484375
7 0.221875 0.1078125 0.3796875 0.1078125 0.3796875 0.5015625 0.221875 0.5015625
7 0.140625 0.1390625 0.3 0.1390625 0.3 0.54375 0.140625 0.54375
7 0.565625 0.1234375 0.71875 0.1234375 0.71875 0.475 0.565625 0.475
7 0.7171875 0.0421875 0.8734375 0.0421875 0.8734375 0.44375 0.7171875 0.44375
7 0.4984375 0.171875 0.6296875 0.171875 0.6296875 0.4484375 0.4984375 0.4484375
7 0.421875 0.21875 0.55625 0.21875 0.55625 0.4328125 0.421875 0.4328125
7 0.36875 0.021875 0.4984375 0.021875 0.4984375 0.2453125 0.36875 0.2453125
7 0.0671875 0.1921875 0.2296875 0.1921875 0.2296875 0.5953125 0.0671875 0.5953125
7 0.7875 0.0046875 0.9484375 0.0046875 0.9484375 0.40625 0.7875 0.40625
7 0 0.2328125 0.1609375 0.2328125 0.1609375 0.6375 0 0.6375