7 0.1684100418410042 0.3695955369595537 0.1705020920502092 0.4211994421199442 0.3190376569037657 0.4253835425383543 0.3190376569037657 0.37796373779637377 0.1825939247151984 0.3703835304525645 0.17846058461382278 0.37015390044693247 0.22348679869183413 0.37282969430203367
7 0.17154811715481175 0.42398884239888424 0.19866263910133555 0.424516618981785 0.3148535564853556 0.42677824267782427 0.3158995815899582 0.47419804741980476 0.17573221757322174 0.4755927475592748
82 0.36715481171548114 0.08089260808926081 0.372924427432466 0.08195368684180983 0.397489539748954 0.08647140864714085 0.40585774058577406 0.2649930264993027 0.3598326359832636 0.26359832635983266
82 0.31171548117154807 0.058577405857740586 0.3210356823844671 0.06144516007710031 0.3389121338912134 0.06694560669456066 0.350418410041841 0.13528591352859135 0.35251046025104604 0.2580195258019526 0.3106694560669456 0.2510460251046025 0.3106694560669456 0.12552301255230125
82 0.2615062761506276 0.03347280334728033 0.28870292887029286 0.04184100418410042 0.303347280334728 0.11576011157601115 0.30857740585774057 0.25244072524407246 0.25732217573221755 0.24407252440725244
7 0.16527196652719667 0.30264993026499304 0.3179916317991632 0.31520223152022314 0.32112970711297073 0.36541143654114366 0.16631799163179917 0.3598326359832636
82 0.200836820083682 0.01673640167364017 0.22698744769874477 0.02092050209205021 0.24686192468619247 0.10320781032078104 0.24267782426778242 0.22733612273361228 0.200836820083682 0.22594142259414227
82 0.42887029288702927 0.0711297071129707 0.4560669456066946 0.07391910739191074 0.4675732217573222 0.13110181311018132 0.4665271966527197 0.2859135285913529 0.42677824267782427 0.2803347280334728 0.42677824267782427 0.11576011157601115
82 0.4717573221757322 0.08647140864714087 0.48953974895397484 0.09205020920502091 0.49686192468619245 0.13528591352859135 0.5073221757322176 0.16457461645746163 0.5031380753138075 0.2914923291492329 0.47489539748953974 0.28730822873082285 0.47280334728033474 0.13389121338912133
6 0.3200836820083682 0.36401673640167365 0.4393305439330544 0.37656903765690375 0.4382845188284519 0.42398884239888424 0.32112970711297073 0.41701534170153415
6 0.3190376569037656 0.4253835425383543 0.3190376569037657 0.4755927475592748 0.4351464435146444 0.4797768479776848 0.4351464435146444 0.4295676429567643
49 0.4403765690376569 0.3361227336122734 0.5282426778242678 0.3486750348675035 0.5282426778242678 0.38912133891213396 0.44037656903765693 0.37796373779637377
49 0.4424686192468619 0.3835425383542539 0.5282426778242678 0.3905160390516039 0.5271966527196653 0.4323570432357043 0.4393305439330544 0.42677824267782427
49 0.4382845188284519 0.4309623430962343 0.5271966527196653 0.43793584379358436 0.5271966527196653 0.47419804741980476 0.4372384937238494 0.4769874476987448
49 0.5345188284518828 0.3458856345885635 0.6077405857740585 0.3598326359832636 0.6077405857740585 0.398884239888424 0.5303347280334728 0.39191073919107383
49 0.5313807531380753 0.39330543933054396 0.606694560669456 0.39609483960948394 0.604602510460251 0.4393305439330544 0.5271966527196653 0.4351464435146444
49 0.5324267782426777 0.4365411436541143 0.606694560669456 0.4365411436541143 0.6056485355648535 0.4769874476987448 0.5303347280334728 0.47838214783821476
82 0.0031380753138076046 0.3542538354253836 0.15376569037656904 0.36401673640167365 0.151673640167364 0.41701534170153415 0.0020920502092050207 0.41143654114365413
82 0.0031380753138075313 0.4142259414225942 0.17154811715481175 0.42398884239888424 0.17259414225941425 0.47838214783821476 0.0010460251046025104 0.47280334728033474
82 0.0031380753138075313 0.5620641562064156 0.14853556485355648 0.5509065550906556 0.14853556485355648 0.6094839609483961 0.0010460251046025104 0.6206415620641562
82 0.0031380753138075313 0.6248256624825662 0.151673640167364 0.6136680613668062 0.1506276150627615 0.6638772663877266 0.0020920502092050207 0.6889818688981869
82 0.005230125523012552 0.691771269177127 0.14958158995815898 0.6778242677824268 0.14748953974895398 0.7252440725244073 0.0031380753138075313 0.7531380753138075
82 0.11715481171548117 1.7763568394002505e-17 0.18410041841004188 0.023709902370990292 0.19037656903765693 0.21478382147838218 0.11715481171548119 0.21059972105997218
82 0.02928870292887034 0.008368200836820066 0.10251046025104602 0.009762900976290113 0.10355648535564853 0.20223152022315202 0.03138075313807532 0.199442119944212
82 0.5156903765690377 0.10460251046025096 0.5418410041841004 0.10739191073919108 0.5481171548117155 0.17294281729428174 0.5460251046025104 0.30264993026499304 0.5146443514644351 0.299860529986053
82 0.5596234309623432 0.11576011157601115 0.5805439330543933 0.12412831241283123 0.5910041841004184 0.17573221757322174 0.5910041841004184 0.3054393305439331 0.5543933054393305 0.30264993026499304
82 0.6014644351464437 0.13110181311018132 0.6213389121338913 0.13807531380753138 0.6307531380753139 0.19665271966527198 0.6265690376569037 0.3124128312412831 0.600418410041841 0.30962343096234307
82 0.639121338912134 0.1492329149232915 0.6548117154811716 0.15341701534170155 0.6631799163179918 0.19246861924686193 0.6621338912133892 0.3319386331938633 0.6338912133891214 0.32496513249651326
82 0.5753138075313807 0.9205020920502092 0.5774058577405857 0.9511854951185496 0.6443514644351463 0.9274755927475593 0.6401673640167364 0.898186889818689
82 0.8650627615062761 0.7364016736401673 0.8682008368200836 0.9358437935843794 0.9309623430962343 0.902370990237099 0.9320083682008368 0.7336122733612274
82 0.936192468619247 0.7601115760111576 0.9194560669456067 0.9260808926080892 0.9748953974895397 0.9121338912133892 0.9738493723849372 0.7559274755927475
82 0.9173640167364016 0.506276150627615 0.940376569037657 0.6792189679218968 0.9665271966527197 0.6666666666666665 0.9665271966527197 0.504881450488145
82 0.7907949790794979 0.07670850767085077 0.8106694560669456 0.08926080892608089 0.8064853556485354 0.18688981868898186 0.7866108786610879 0.17852161785216178
82 0.8326359832635984 0.09902370990237098 0.850418410041841 0.1101813110181311 0.8462343096234309 0.20223152022315202 0.8284518828451882 0.199442119944212
34 0.17364016736401675 0.6276150627615062 0.1694560669456067 0.6764295676429568 0.3368200836820084 0.6541143654114365 0.3368200836820084 0.6164574616457462
36 0.3389121338912134 0.5299860529986054 0.4665271966527197 0.5258019525801952 0.4675732217573222 0.5662482566248257 0.3389121338912134 0.5676429567642957
36 0.34205020920502094 0.5732217573221758 0.4717573221757322 0.5648535564853556 0.4738493723849372 0.596931659693166 0.3410041841004184 0.6136680613668062
33 0.34623430962343094 0.6122733612273361 0.4696652719665272 0.595536959553696 0.4717573221757323 0.6331938633193863 0.34414225941422594 0.6471408647140865
33 0.47489539748953974 0.5202231520223153 0.5700836820083682 0.5202231520223152 0.5721757322175732 0.5481171548117155 0.4759414225941423 0.5550906555090656
33 0.4759414225941423 0.5550906555090656 0.5711297071129707 0.5578800557880056 0.5732217573221757 0.5857740585774058 0.4769874476987448 0.592747559274756
33 0.4769874476987448 0.5899581589958158 0.5690376569037657 0.5829846582984658 0.5700836820083682 0.6248256624825662 0.4759414225941423 0.6234309623430963
52 0.5815899581589958 0.5090655509065551 0.660041841004184 0.5090655509065551 0.6610878661087866 0.5467224546722455 0.5784518828451883 0.5523012552301255
52 0.5784518828451882 0.5550906555090656 0.660041841004184 0.5550906555090656 0.6621338912133892 0.5871687587168759 0.5774058577405857 0.595536959553696
52 0.5742677824267782 0.5983263598326359 0.6621338912133892 0.595536959553696 0.6589958158995816 0.6262203626220363 0.5763598326359832 0.6359832635983264
41 0.6631799163179916 0.5174337517433751 0.7165271966527197 0.5202231520223152 0.7154811715481172 0.5481171548117155 0.6642259414225942 0.5536959553695955
41 0.6631799163179918 0.5523012552301255 0.7133891213389121 0.5523012552301255 0.7154811715481172 0.5815899581589958 0.6652719665271967 0.5871687587168759
41 0.6631799163179916 0.5885634588563459 0.7165271966527197 0.5829846582984658 0.7154811715481172 0.6206415620641562 0.6610878661087866 0.6248256624825662
83 0.1621338912133892 0.5285913528591353 0.3336820083682008 0.5174337517433751 0.3336820083682007 0.6136680613668062 0.16213389121338914 0.6234309623430963
83 0.3242677824267782 0.3068340306834031 0.43096234309623427 0.31799163179916323 0.4330543933054394 0.37099023709902373 0.3253138075313807 0.3668061366806137
25 0.02405857740585774 0.8214783821478382 0.2196652719665272 0.7698744769874477 0.2207112970711297 0.8242677824267782 0.028242677824267783 0.891213389121339
25 0.0303347280334728 0.891213389121339 0.2196652719665272 0.8326359832635984 0.2196652719665272 0.8842398884239888 0.03347280334728033 0.9567642956764295
25 0.03451882845188284 0.9539748953974896 0.22384937238493724 0.891213389121339 0.22384937238493724 0.9442119944211994 0.034518828451882845 1.0
25 0.23012552301255226 0.7740585774058577 0.37343096234309625 0.7377963737796374 0.37238493723849364 0.7852161785216178 0.2290794979079498 0.8326359832635984
25 0.2269874476987448 0.8284518828451882 0.36820083682008364 0.793584379358438 0.3692468619246862 0.8312412831241283 0.2301255230125523 0.8828451882845187
25 0.23012552301255226 0.8828451882845187 0.36820083682008364 0.8382147838214784 0.37029288702928864 0.8814504881450488 0.23535564853556484 0.9344490934449093
20 0.38179916317991636 0.7336122733612273 0.48744769874476984 0.7085076708507672 0.48640167364016734 0.7475592747559274 0.37970711297071136 0.7894002789400278
20 0.37866108786610875 0.7838214783821479 0.48640167364016734 0.7489539748953975 0.48640167364016734 0.7949790794979079 0.37761506276150636 0.8382147838214784
20 0.37343096234309625 0.8354253835425384 0.48535564853556484 0.793584379358438 0.48535564853556484 0.8396094839609484 0.37656903765690375 0.8814504881450488
20 0.49476987447698745 0.7071129707112971 0.5826359832635984 0.697350069735007 0.5836820083682008 0.7308228730822873 0.49476987447698745 0.7489539748953973
20 0.48849372384937234 0.7489539748953976 0.5805439330543933 0.7238493723849372 0.5774058577405857 0.7629009762900977 0.4884937238493724 0.7907949790794979
20 0.48953974895397484 0.7977684797768483 0.5774058577405857 0.7642956764295676 0.5774058577405857 0.8005578800557881 0.4905857740585774 0.8368200836820082
19 0.5847280334728034 0.6708507670850767 0.643305439330544 0.6582984658298465 0.6443514644351463 0.690376569037657 0.5847280334728033 0.7071129707112971
19 0.5836820083682009 0.702928870292887 0.645397489539749 0.691771269177127 0.6443514644351463 0.7182705718270571 0.5826359832635983 0.7350069735006973
19 0.5826359832635984 0.7350069735006973 0.641213389121339 0.7280334728033473 0.643305439330544 0.7503486750348675 0.5794979079497908 0.7698744769874477
19 0.5815899581589958 0.7712691771269178 0.641213389121339 0.7489539748953975 0.641213389121339 0.7838214783821479 0.5815899581589958 0.8089260808926081
19 0.6464435146443516 0.6527196652719666 0.6976987447698746 0.6401673640167364 0.698744769874477 0.6722454672245468 0.6464435146443515 0.6875871687587168
19 0.6433054393305438 0.6847977684797769 0.698744769874477 0.6736401673640168 0.6976987447698746 0.701534170153417 0.6391213389121339 0.7224546722454673
19 0.645397489539749 0.7168758716875872 0.698744769874477 0.7071129707112971 0.6956066945606695 0.7322175732217573 0.6443514644351463 0.7489539748953975
19 0.6433054393305438 0.7461645746164574 0.6997907949790795 0.7364016736401673 0.6976987447698746 0.7601115760111576 0.6464435146443515 0.7768479776847976
83 0.7008368200836819 0.6457461645746165 0.6997907949790795 0.6708507670850767 0.7447698744769873 0.6666666666666665 0.7479079497907949 0.6415620641562064
10 0.7018828451882844 0.6736401673640168 0.7479079497907949 0.6666666666666665 0.7468619246861925 0.691771269177127 0.6997907949790795 0.705718270571827
10 0.705020920502092 0.7001394700139469 0.7479079497907949 0.694560669456067 0.75 0.7154811715481172 0.7018828451882846 0.7280334728033473
10 0.6976987447698746 0.7294281729428171 0.7437238493723849 0.7126917712691772 0.7426778242677824 0.7391910739191074 0.6976987447698746 0.7601115760111576
9 0.7531380753138076 0.6317991631799162 0.7907949790794979 0.6317991631799164 0.7907949790794979 0.6541143654114365 0.75 0.6638772663877266
9 0.7479079497907951 0.6610878661087867 0.7907949790794979 0.6569037656903766 0.7887029288702929 0.6778242677824268 0.7479079497907951 0.6889818688981869
9 0.7468619246861925 0.686192468619247 0.7897489539748954 0.6764295676429568 0.7876569037656904 0.702928870292887 0.7468619246861925 0.7182705718270571
9 0.74581589958159 0.714086471408647 0.7866108786610879 0.705718270571827 0.7855648535564853 0.7266387726638771 0.7437238493723849 0.7419804741980475
9 0.794979079497908 0.6248256624825663 0.8347280334728033 0.6262203626220363 0.8284518828451882 0.6443514644351463 0.7928870292887029 0.6555090655509066
9 0.7928870292887029 0.6499302649930263 0.8274058577405857 0.6499302649930265 0.8284518828451882 0.6722454672245468 0.7907949790794979 0.6806136680613668
9 0.7897489539748956 0.6834030683403068 0.8263598326359832 0.6764295676429568 0.8232217573221757 0.698744769874477 0.7866108786610879 0.7071129707112971
9 0.7887029288702929 0.7057182705718271 0.8274058577405857 0.694560669456067 0.8263598326359832 0.7126917712691772 0.7907949790794979 0.7252440725244073
31 0.6119246861924686 0.36122733612273356 0.6715481171548118 0.37099023709902373 0.6725941422594143 0.40446304044630405 0.608786610878661 0.39609483960948394
31 0.6077405857740585 0.39609483960948394 0.6715481171548118 0.4100418410041841 0.6736401673640168 0.44351464435146437 0.606694560669456 0.4407252440725243
31 0.6098326359832635 0.4365411436541143 0.6673640167364016 0.44490934449093444 0.6673640167364016 0.47419804741980476 0.6077405857740585 0.47838214783821476
31 0.6767782426778243 0.3668061366806136 0.7238493723849372 0.37796373779637377 0.7259414225941423 0.4086471408647141 0.6736401673640168 0.40725244072524414
31 0.6746861924686194 0.401673640167364 0.7248953974895397 0.4184100418410041 0.7259414225941423 0.4490934449093445 0.6725941422594143 0.4407252440725244
31 0.6715481171548116 0.4393305439330544 0.7248953974895397 0.4476987447698745 0.7238493723849372 0.4769874476987448 0.6715481171548118 0.47838214783821476
32 0.7301255230125523 0.3835425383542537 0.7761506276150628 0.3877266387726639 0.7761506276150628 0.41283124128312415 0.7280334728033473 0.41283124128312415
32 0.7280334728033473 0.40725244072524414 0.7740585774058577 0.4184100418410041 0.7730125523012552 0.4504881450488145 0.7269874476987448 0.4490934449093445
32 0.7280334728033473 0.4421199442119945 0.7730125523012552 0.4490934449093445 0.7698744769874477 0.4811715481171548 0.7269874476987448 0.4811715481171548
32 0.7824267782426779 0.3849372384937238 0.8221757322175732 0.39609483960948394 0.8211297071129706 0.4198047419804742 0.7792887029288703 0.4184100418410041
32 0.7761506276150628 0.41980474198047424 0.8169456066945606 0.4211994421199442 0.8158995815899581 0.4490934449093445 0.7761506276150628 0.4490934449093445
32 0.7771966527196653 0.45048814504881457 0.8169456066945606 0.45467224546722457 0.8169456066945606 0.4769874476987448 0.7771966527196653 0.47838214783821476
35 0.7217573221757323 0.504881450488145 0.7813807531380753 0.5076708507670851 0.7824267782426779 0.5397489539748953 0.7207112970711297 0.5439330543933054
35 0.7196652719665271 0.5467224546722455 0.7782426778242679 0.5453277545327755 0.7771966527196653 0.5732217573221757 0.7165271966527197 0.5829846582984658
35 0.7186192468619247 0.5829846582984658 0.7751046025104603 0.5801952580195258 0.7771966527196653 0.6052998605299861 0.7175732217573221 0.6178521617852162
19 0.7845188284518828 0.5132496513249653 0.8274058577405857 0.5118549511854951 0.8305439330543933 0.5411436541143654 0.7803347280334728 0.5439330543933054
19 0.7792887029288703 0.5439330543933054 0.8242677824267782 0.5439330543933054 0.8242677824267781 0.5774058577405857 0.7792887029288703 0.5801952580195258
19 0.7771966527196653 0.5760111576011158 0.8315899581589958 0.5704323570432357 0.8347280334728033 0.595536959553696 0.7771966527196654 0.6052998605299861
22 0.6872384937238494 0.17712691771269173 0.7092050209205021 0.18270571827057183 0.7144351464435147 0.2301255230125523 0.7144351464435147 0.30962343096234307 0.6841004184100419 0.3054393305439331 0.6788702928870294 0.22315202231520226
3 0.7489539748953975 0.20641562064156208 0.7625523012552301 0.2105997210599721 0.7677824267782427 0.24686192468619247 0.7677824267782427 0.3221757322175732 0.75 0.3193863319386332 0.7395397489539749 0.24407252440725244
81 0.7238493723849373 0.199442119944212 0.7395397489539749 0.20641562064156208 0.74163179916318 0.31659693165969316 0.7217573221757323 0.3124128312412831
21 0.7751046025104603 0.2301255230125523 0.7876569037656904 0.2357043235704324 0.7897489539748954 0.3277545327754533 0.7761506276150628 0.3319386331938633
2 0.7897489539748953 0.23430962343096234 0.8023012552301254 0.2398884239888424 0.803347280334728 0.2733612273361227 0.8043933054393305 0.33472803347280333 0.7918410041841004 0.3305439330543933
