63 0.7159460715946072 0.22454672245467225 0.7624360762436077 0.20641562064156208 0.8163644816364481 0.2803347280334728 0.8275220827522083 0.3486750348675035 0.8293816829381683 0.4198047419804742 0.7308228730822873 0.43375174337517436 0.702928870292887 0.3110181311018131
63 0.5987912598791261 0.24267782426778248 0.6508600650860065 0.24407252440725244 0.6880520688052069 0.301255230125523 0.6992096699209669 0.36122733612273367 0.7122268712226871 0.4281729428172943 0.6248256624825662 0.4421199442119944 0.596931659693166 0.3361227336122734
63 0.5095304509530452 0.27057182705718275 0.5485820548582054 0.27615062761506276 0.5801952580195258 0.32357043235704325 0.6118084611808461 0.4463040446304045 0.5262668526266853 0.4532775453277546 0.5058112505811251 0.34449093444909346
82 0.5262668526266853 0.022315202231520247 0.5634588563458857 0.03347280334728033 0.6136680613668062 0.07252440725244072 0.6266852626685263 0.13249651324965134 0.6378428637842863 0.19386331938633194 0.5467224546722455 0.22454672245467225 0.5374244537424454 0.13249651324965134 0.5299860529986054 0.09065550906555091
82 0.4444444444444445 0.06136680613668061 0.48535564853556484 0.0697350069735007 0.5169688516968852 0.10739191073919108 0.5392840539284054 0.2203626220362622 0.4686192468619247 0.24267782426778242 0.45188284518828453 0.13249651324965134
82 0.3737796373779637 0.09762900976290098 0.40725244072524414 0.10181311018131103 0.44258484425848443 0.14225941422594143 0.4593212459321246 0.24546722454672246 0.39795443979544404 0.2649930264993027 0.3812180381218038 0.1603905160390516
82 0.6304044630404464 0.01394700139470012 0.7233844723384473 0.022315202231520222 0.7512784751278475 0.08786610878661087 0.7438400743840075 0.1701534170153417 0.6545792654579266 0.19665271966527198 0.6434216643421664 0.11576011157601115
82 0.7624360762436077 0.02231520223152023 0.8814504881450488 0.027894002789400282 0.8814504881450488 0.12412831241283123 0.7735936773593677 0.15620641562064155
58 0.7419804741980474 0.4644351464435147 0.7754532775453278 0.4714086471408648 0.8200836820083682 0.5271966527196653 0.8442584844258484 0.5913528591352859 0.8423988842398884 0.6680613668061368 0.7475592747559274 0.6694560669456067 0.7252440725244073 0.5788005578800558 0.7345420734542073 0.5230125523012552
58 0.6285448628544862 0.4769874476987448 0.6713156671315668 0.4797768479776848 0.7066480706648071 0.5299860529986054 0.7233844723384473 0.6094839609483961 0.7271036727103674 0.6666666666666665 0.6508600650860065 0.6680613668061368 0.6229660622966062 0.5774058577405857 0.6341236634123664 0.5258019525801952
58 0.5430032543003255 0.48396094839609477 0.5839144583914458 0.48953974895397484 0.6118084611808461 0.5411436541143654 0.6248256624825662 0.6192468619246861 0.6173872617387262 0.6624825662482565 0.5560204556020456 0.6680613668061368 0.5337052533705253 0.5843793584379359 0.5448628544862855 0.5285913528591353
57 0.4649000464900046 0.48535564853556484 0.5113900511390052 0.497907949790795 0.5206880520688052 0.5425383542538355 0.5392840539284054 0.6527196652719666 0.47419804741980476 0.6638772663877266 0.46490004649000466 0.5704323570432357 0.47047884704788473 0.5285913528591353
57 0.407252440725244 0.49372384937238495 0.4351464435146444 0.49651324965132493 0.4481636448163645 0.5369595536959554 0.46118084611808463 0.603905160390516 0.4593212459321246 0.6485355648535563 0.41655044165504423 0.6541143654114365 0.3923756392375639 0.5857740585774058 0.401673640167364 0.5453277545327755
57 0.33286843328684335 0.49930264993026496 0.37006043700604363 0.5104602510460251 0.3812180381218038 0.5467224546722455 0.39423523942352395 0.6387726638772664 0.35518363551836357 0.6415620641562064 0.3365876336587634 0.5634588563458857
64 0.4202696420269642 0.297071129707113 0.46490004649000466 0.3054393305439331 0.49279404927940496 0.3500697350069736 0.5058112505811251 0.4560669456066946 0.4537424453742446 0.4644351464435147 0.4277080427708043 0.3668061366806137 0.4388656438865644 0.3305439330543933
64 0.36448163644816367 0.30683403068340304 0.399814039981404 0.3193863319386332 0.41655044165504423 0.3528591352859135 0.4370060437006044 0.46582984658298465 0.37749883774988374 0.4686192468619247 0.36448163644816367 0.3668061366806137 0.37006043700604363 0.3361227336122734
59 0.22501162250116227 0.5090655509065551 0.2510460251046025 0.5146443514644351 0.26220362622036264 0.5397489539748954 0.27522082752208277 0.6387726638772664 0.21571362157136215 0.6387726638772664 0.22129242212924222 0.5550906555090656
59 0.2733612273361227 0.5062761506276151 0.303114830311483 0.5160390516039052 0.32357043235704325 0.5523012552301255 0.3365876336587634 0.6401673640167364 0.2900976290097629 0.6443514644351463 0.2696420269642027 0.5606694560669456
59 0.19153881915388188 0.3458856345885634 0.2287308228730823 0.35564853556485354 0.23802882380288237 0.38354253835425384 0.2510460251046025 0.4797768479776848 0.21199442119944212 0.49372384937238495 0.19525801952580196 0.3905160390516039
59 0.2491864249186425 0.33333333333333326 0.2807996280799628 0.3389121338912134 0.29381682938168296 0.37935843793584373 0.303114830311483 0.4797768479776848 0.2640632264063226 0.48675034867503486 0.2547652254765225 0.3821478382147838
59 0.30497443049744305 0.32357043235704325 0.33472803347280333 0.32914923291492326 0.35332403533240353 0.36820083682008364 0.36448163644816367 0.46582984658298465 0.3198512319851232 0.4755927475592748 0.301255230125523 0.38354253835425384
