82 0.09728033472803349 0.5801952580195258 0.1297071129707113 0.5801952580195258 0.1809623430962343 0.6457461645746164 0.19142259414225943 0.8131101813110181 0.09518828451882845 0.8326359832635984 0.07217573221757322 0.690376569037657 0.09100418410041841 0.6206415620641562
82 0.6349372384937239 0.5676429567642957 0.6589958158995816 0.5746164574616457 0.6736401673640168 0.6206415620641562 0.6684100418410042 0.6875871687587168 0.655857740585774 0.7447698744769873 0.6108786610878661 0.7573221757322176 0.606694560669456 0.7112970711297071 0.6234309623430963 0.6708507670850767 0.6202928870292888 0.6276150627615062 0.6307531380753139 0.606694560669456
82 0.7029288702928871 0.5676429567642957 0.7280334728033473 0.5774058577405857 0.74581589958159 0.6192468619246861 0.7364016736401673 0.6889818688981869 0.7196652719665272 0.7308228730822873 0.6778242677824268 0.7433751743375174 0.6788702928870294 0.6889818688981869 0.696652719665272 0.6555090655509066 0.6872384937238494 0.6178521617852162 0.7039748953974896 0.599721059972106
82 0.7740585774058577 0.5606694560669456 0.8023012552301254 0.5634588563458857 0.803347280334728 0.6262203626220363 0.7918410041841004 0.6764295676429568 0.7834728033472803 0.7210599721059973 0.7353556485355649 0.7238493723849372 0.75 0.6331938633193863 0.7677824267782427 0.5885634588563459
82 0.8326359832635982 0.5453277545327755 0.856694560669456 0.5536959553695955 0.8619246861924686 0.6094839609483961 0.8378661087866108 0.7085076708507672 0.797071129707113 0.7210599721059973 0.805439330543933 0.6373779637377964 0.8294979079497908 0.5815899581589958
82 0.8964435146443516 0.5327754532775454 0.9173640167364016 0.5411436541143654 0.9110878661087866 0.6052998605299861 0.8880753138075314 0.6931659693165969 0.8493723849372385 0.7085076708507672 0.8682008368200836 0.6150627615062761 0.8859832635983264 0.5704323570432357
82 0.17154811715481189 0.29288702928870286 0.19665271966527198 0.29567642956764295 0.21548117154811716 0.33333333333333326 0.23117154811715485 0.398884239888424 0.2405857740585774 0.5146443514644351 0.18200836820083682 0.5258019525801952 0.16527196652719664 0.4086471408647141 0.1705020920502092 0.3472803347280335
82 0.24686192468619247 0.301255230125523 0.2719665271966527 0.30962343096234307 0.28556485355648537 0.33472803347280333 0.29707112970711297 0.403068340306834 0.301255230125523 0.5174337517433751 0.25627615062761505 0.5299860529986054 0.2395397489539749 0.41283124128312415 0.24476987447698742 0.3486750348675035
82 0.32322175732217573 0.29846582984658304 0.348326359832636 0.30264993026499304 0.3619246861924686 0.3305439330543933 0.36610878661087864 0.401673640167364 0.3692468619246862 0.5118549511854951 0.3127615062761506 0.5202231520223152 0.3106694560669456 0.40725244072524414 0.3138075313807531 0.3389121338912134
82 0.38912133891213385 0.294281729428173 0.4225941422594142 0.30264993026499304 0.4278242677824268 0.3403068340306834 0.4341004184100418 0.401673640167364 0.4278242677824268 0.5062761506276151 0.3807531380753138 0.5090655509065551 0.37656903765690375 0.40446304044630405 0.37970711297071136 0.3389121338912134 0.39539748953974896 0.3138075313807531
82 0.4581589958158996 0.29428172942817293 0.5167364016736402 0.30404463040446306 0.5261506276150629 0.3403068340306834 0.5251046025104603 0.5202231520223153 0.4382845188284519 0.5188284518828452 0.4416953579221822 0.34426209338880637
82 0.549163179916318 0.29149232914923295 0.6129707112970711 0.29428172942817293 0.6056485355648535 0.5146443514644351 0.5282426778242678 0.5090655509065551 0.5397489539748954 0.3319386331938633
82 0.6307531380753137 0.3096234309623431 0.6506276150627615 0.3221757322175732 0.641213389121339 0.5146443514644351 0.602510460251046 0.504881450488145 0.6255230125523012 0.3458856345885635
82 0.03347280334728033 0.29567642956764295 0.09414225941422594 0.30264993026499304 0.15585774058577406 0.39191073919107394 0.16317991631799164 0.5341701534170153 0.047071129707112955 0.5327754532775453 0.032426778242677826 0.36541143654114366
57 0.2102510460251046 0.5913528591352859 0.24372384937238492 0.602510460251046 0.2792887029288703 0.6610878661087866 0.2834728033472803 0.8047419804741981 0.20606694560669456 0.8117154811715481 0.19456066945606698 0.686192468619247
59 0.3085774058577406 0.5885634588563459 0.3389121338912134 0.596931659693166 0.36401673640167365 0.6582984658298465 0.36610878661087864 0.790794979079498 0.29497907949790797 0.793584379358438 0.28765690376569036 0.6834030683403068 0.3023012552301255 0.6415620641562064
58 0.4027196652719665 0.5815899581589958 0.4330543933054393 0.5899581589958159 0.4497907949790795 0.6722454672245468 0.4518828451882845 0.7754532775453278 0.37970711297071136 0.7866108786610879 0.3786610878661088 0.6750348675034867 0.3922594142259414 0.6262203626220363
64 0.48326359832635984 0.5760111576011159 0.5115062761506276 0.5843793584379359 0.5261506276150628 0.6387726638772664 0.5188284518828452 0.7573221757322176 0.4623430962343097 0.7726638772663876 0.46338912133891214 0.6541143654114365 0.4811715481171548 0.6290097629009763
63 0.5648535564853556 0.5662482566248257 0.5910041841004184 0.5815899581589958 0.6056485355648535 0.6527196652719666 0.5899581589958159 0.7559274755927475 0.5345188284518828 0.7656903765690377 0.5345188284518828 0.6569037656903766 0.5596234309623431 0.6150627615062761
