1 0.16875 0.14375 0.278125 0.14375 0.278125 0.9671875 0.16875 0.9671875
1 0.4484375 0.1453125 0.5578125 0.1453125 0.5578125 0.96875 0.4484375 0.96875
1 0.8828125 0.15 0.9921875 0.15 0.9921875 0.975 0.8828125 0.975
1 0 0.1453125 0.1 0.1453125 0.1 0.9703125 0 0.9703125
1 0.3578125 0.15 0.4671875 0.15 0.4671875 0.9734375 0.3578125 0.9734375
1 0.26875 0.15 0.378125 0.15 0.378125 0.9734375 0.26875 0.9734375
1 0.7140625 0.1546875 0.8234375 0.1546875 0.8234375 0.9796875 0.7140625 0.9796875
1 0.0765625 0.153125 0.1859375 0.153125 0.1859375 0.9765625 0.0765625 0.9765625
1 0.6234375 0.1609375 0.7328125 0.1609375 0.7328125 0.9859375 0.6234375 0.9859375
1 0.7953125 0.1625 0.9046875 0.1625 0.9046875 0.9875 0.7953125 0.9875
1 0.5390625 0.1609375 0.6453125 0.1609375 0.6453125 0.990625 0.5390625 0.990625