1 0.1125 0.19375 0.3703125 0.19375 0.3703125 1 0.1125 1
1 0.4046875 0.1421875 0.6625 0.1421875 0.6625 0.996875 0.4046875 0.996875
1 0.8609375 0.071875 1 0.071875 1 0.9171875 0.8609375 0.9171875
1 0 0.228125 0.1828125 0.228125 0.1828125 1 0 1
1 0.3125 0.1640625 0.56875 0.1640625 0.56875 1 0.3125 1
1 0.2171875 0.1796875 0.4734375 0.1796875 0.4734375 1 0.2171875 1
1 0.684375 0.1015625 0.940625 0.1015625 0.940625 0.9484375 0.684375 0.9484375
1 0.0171875 0.2203125 0.2734375 0.2203125 0.2734375 1 0.0171875 1
1 0.590625 0.1265625 0.8453125 0.1265625 0.8453125 0.965625 0.590625 0.965625
1 0.771875 0.09375 1 0.09375 1 0.9328125 0.771875 0.9328125
1 0.503125 0.14375 0.753125 0.14375 0.753125 0.98125 0.503125 0.98125