1 0.7046875 0.1234375 0.840625 0.1234375 0.840625 0.9625 0.7046875 0.9625
1 0.421875 0.134375 0.5578125 0.134375 0.5578125 0.975 0.421875 0.975
1 0.0015625 0.15625 0.115625 0.15625 0.115625 0.996875 0.0015625 0.996875
1 0.884375 0.11875 1 0.11875 1 0.9609375 0.884375 0.9609375
1 0.5125 0.1375 0.6484375 0.1375 0.6484375 0.978125 0.5125 0.978125
1 0.6046875 0.134375 0.740625 0.134375 0.740625 0.9734375 0.6046875 0.9734375
1 0.1515625 0.1546875 0.2875 0.1546875 0.2875 0.9953125 0.1515625 0.9953125
1 0.7984375 0.13125 0.934375 0.13125 0.934375 0.9703125 0.7984375 0.9703125
1 0.24375 0.159375 0.3796875 0.159375 0.3796875 0.9984375 0.24375 0.9984375
1 0.06875 0.1640625 0.2046875 0.1640625 0.2046875 1 0.06875 1
1 0.334375 0.1546875 0.465625 0.1546875 0.465625 0.9984375 0.334375 0.9984375