81 0.803099 0.880102 0.141723 0.042517
81 0.804989 0.922619 0.139834 0.038738
81 0.806406 0.961357 0.140779 0.038738
81 0.687831 0.915238 0.077712 0.135464
73 0.853836 0.281746 0.046296 0.224868
74 0.769180 0.280423 0.101852 0.230159
70 0.658730 0.281085 0.111111 0.228836
70 0.545635 0.295635 0.104497 0.252646
70 0.435847 0.279101 0.101852 0.227513
93 0.321429 0.291005 0.103175 0.256614
93 0.208995 0.280423 0.100529 0.230159
0 0.826720 0.536449 0.058789 0.173427
0 0.772707 0.520282 0.059524 0.136684
2 0.703263 0.523589 0.072016 0.199148
3 0.629042 0.507055 0.064668 0.163139
3 0.558495 0.506320 0.067607 0.158730
70 0.656085 0.277778 0.105820 0.227513
70 0.548280 0.291667 0.109788 0.265873
70 0.431217 0.278439 0.097884 0.239418
81 0.492725 0.521164 0.051587 0.132275
81 0.435847 0.518519 0.056878 0.140212
81 0.371693 0.508598 0.063492 0.167989
81 0.304233 0.507937 0.068783 0.169312
81 0.212963 0.521825 0.100529 0.197090
69 0.417328 0.733135 0.088624 0.134259
64 0.581349 0.712302 0.083333 0.107143
81 0.253638 0.713294 0.085317 0.105159
81 0.336310 0.718585 0.082672 0.095899
81 0.665675 0.714616 0.078704 0.111772
81 0.500331 0.713294 0.074735 0.105159
81 0.605985 0.925513 0.081019 0.111607
81 0.515046 0.928406 0.079365 0.100860
81 0.428241 0.947007 0.079365 0.068618
81 0.338542 0.933366 0.080192 0.089286
81 0.250496 0.947834 0.087632 0.068618
81 0.164517 0.948661 0.076058 0.068618