84 0.180225 0.421627 0.047950 0.026455
84 0.644428 0.423280 0.032242 0.021495
84 0.728340 0.466270 0.001653 0.000000
84 0.307540 0.733300 0.024802 0.019841
84 0.482804 0.727927 0.024802 0.015708
84 0.605985 0.715526 0.023148 0.020668
84 0.761409 0.710565 0.029762 0.025628
84 0.475364 0.955688 0.024802 0.018188
84 0.761822 0.930473 0.025628 0.020668
77 0.734127 0.643188 0.176918 0.190146
70 0.803571 0.271577 0.109127 0.257110
71 0.680390 0.289352 0.102513 0.294312
72 0.564649 0.271991 0.110780 0.266204
72 0.448495 0.270751 0.113261 0.270337
73 0.326141 0.269511 0.119874 0.279431
73 0.196346 0.282738 0.128142 0.307540
81 0.205853 0.596892 0.076058 0.200066
81 0.284805 0.621693 0.070271 0.261243
81 0.345155 0.589038 0.065311 0.192626
81 0.410053 0.591104 0.062831 0.181878
81 0.480324 0.624173 0.062831 0.231481
81 0.545222 0.590691 0.052083 0.181052
81 0.604332 0.611772 0.051257 0.236442
81 0.567956 0.835400 0.097553 0.152943
81 0.673776 0.825893 0.094246 0.124008
81 0.364170 0.860202 0.123181 0.141369
81 0.235202 0.870536 0.093419 0.158730