84 0.163454 0.182351 0.028345 0.026455
84 0.423753 0.176209 0.038738 0.029289
84 0.784675 0.162982 0.036848 0.021731
84 0.147865 0.349112 0.034958 0.025510
84 0.501228 0.347222 0.034958 0.029289
84 0.796958 0.346277 0.034958 0.023621
84 0.217309 0.543745 0.034014 0.031179
84 0.351946 0.540911 0.038738 0.023621
84 0.588624 0.543273 0.035903 0.022676
84 0.808768 0.544218 0.049131 0.022676
84 0.311791 0.733655 0.037793 0.021731
84 0.606104 0.745465 0.031179 0.020786
84 0.660903 0.744992 0.031179 0.019841
84 0.813964 0.747827 0.036848 0.023621
84 0.532880 0.933485 0.043462 0.026455
84 0.593821 0.935847 0.034958 0.023621
84 0.652400 0.943878 0.042517 0.030234
84 0.815854 0.950491 0.048186 0.028345
84 0.222506 0.920729 0.051965 0.023621
46 0.553193 0.695862 0.135110 0.146447
46 0.679327 0.686886 0.109599 0.137944
46 0.804044 0.692082 0.132275 0.133220
50 0.390212 0.686886 0.183296 0.128496
50 0.240930 0.682634 0.171958 0.131330
95 0.223450 0.878685 0.136999 0.119048
95 0.367063 0.872071 0.150227 0.096372
55 0.231954 0.493670 0.127551 0.114324
55 0.359977 0.451625 0.132275 0.032124
56 0.359977 0.514456 0.130385 0.089758
37 0.499811 0.493670 0.147392 0.119992
37 0.661376 0.497921 0.175737 0.126606
38 0.811130 0.493670 0.129441 0.127551
32 0.409108 0.304233 0.120937 0.090703
32 0.532407 0.311319 0.123772 0.104875
32 0.660903 0.295729 0.125661 0.081255
81 0.796013 0.308957 0.116213 0.113379
81 0.221561 0.145030 0.148337 0.114324
81 0.368953 0.138889 0.146447 0.117158
81 0.500283 0.130385 0.123772 0.107710
81 0.635865 0.111017 0.141723 0.097317
81 0.784675 0.120465 0.154006 0.131330
81 0.516818 0.873488 0.113379 0.155896
81 0.593348 0.912226 0.041572 0.101096
81 0.641534 0.898526 0.060469 0.130385
81 0.700113 0.859316 0.051020 0.146447
81 0.755385 0.864040 0.051965 0.146447
81 0.808768 0.878685 0.052910 0.173847
81 0.858371 0.867347 0.034958 0.145503
95 0.176682 0.316988 0.105820 0.093537
95 0.287226 0.307067 0.119048 0.073696