94 0.816215 0.305011 0.071584 0.160286
94 0.742686 0.308901 0.066138 0.155618
94 0.669157 0.317849 0.074697 0.173514
93 0.592515 0.312014 0.069250 0.160286
93 0.518596 0.310847 0.073918 0.159508
93 0.452848 0.315126 0.065359 0.150949
93 0.384765 0.326408 0.061469 0.164177
92 0.315904 0.318238 0.063803 0.147837
81 0.209987 0.342262 0.053571 0.138228
81 0.262897 0.347553 0.042989 0.118386
81 0.164683 0.335648 0.044974 0.114418
81 0.846561 0.469852 0.036376 0.126213
81 0.803296 0.467648 0.042438 0.119599
81 0.764164 0.478119 0.043541 0.143849
81 0.691964 0.478395 0.081019 0.144400
81 0.589175 0.467648 0.090388 0.121803
81 0.499063 0.467923 0.085428 0.120150
81 0.410604 0.467372 0.080467 0.119048
81 0.328483 0.464065 0.080467 0.123457
81 0.238371 0.469852 0.084325 0.111883
81 0.160935 0.468474 0.069444 0.113536
81 0.843855 0.628608 0.048701 0.148509
81 0.803571 0.615079 0.040284 0.129870
81 0.761183 0.625902 0.048100 0.143098
81 0.688589 0.624914 0.093480 0.144730
81 0.585919 0.621693 0.096801 0.146705
81 0.499639 0.616883 0.076960 0.143098
81 0.416065 0.605159 0.082973 0.118446
81 0.328583 0.613877 0.079966 0.134680
81 0.240801 0.601852 0.089586 0.115440
81 0.161436 0.609969 0.070346 0.130471
81 0.845301 0.754598 0.042832 0.098262
81 0.801209 0.752708 0.044092 0.099521
81 0.755543 0.760267 0.042202 0.120937
81 0.688461 0.759952 0.093222 0.117788
81 0.596813 0.758692 0.092593 0.111489
81 0.506425 0.753338 0.083144 0.113379
81 0.416667 0.760267 0.073696 0.142353
81 0.333207 0.742945 0.083144 0.114009
81 0.240930 0.741371 0.091333 0.108340
81 0.160305 0.736647 0.067397 0.111489
81 0.237150 0.876480 0.073696 0.110229
81 0.159045 0.883094 0.063618 0.137314
81 0.304233 0.895692 0.054170 0.091963
81 0.362497 0.897896 0.049761 0.091333
81 0.410998 0.914903 0.067397 0.119048
81 0.474616 0.906715 0.051020 0.093852
81 0.531935 0.930335 0.056059 0.059209
81 0.713341 0.941043 0.049761 0.066767
81 0.760267 0.904195 0.037793 0.074956
81 0.809713 0.928445 0.035903 0.109599
81 0.858214 0.921202 0.034643 0.071177