84 0.694699 0.226140 0.032051 0.011701
84 0.684015 0.487383 0.028999 0.011193
84 0.549959 0.490944 0.026455 0.012210
84 0.406492 0.496032 0.020350 0.009158
84 0.265313 0.497304 0.025946 0.008649
84 0.655016 0.708944 0.024929 0.012719
84 0.466163 0.707926 0.023108 0.012719
84 0.139143 0.902523 0.019841 0.010175
84 0.389194 0.907357 0.023403 0.010684
84 0.542837 0.911681 0.023403 0.011193
84 0.694444 0.916768 0.026455 0.013228
40 0.671296 0.624339 0.157407 0.177249
44 0.525620 0.623782 0.139237 0.189362
44 0.392648 0.607421 0.132275 0.153857
42 0.261417 0.615776 0.135756 0.138541
37 0.684350 0.838207 0.146199 0.193539
38 0.535714 0.835074 0.145503 0.184489
39 0.383250 0.830201 0.141326 0.177527
50 0.216514 0.816973 0.183793 0.184489
81 0.278822 0.440685 0.144110 0.132275
81 0.420844 0.456001 0.134364 0.090504
81 0.560429 0.467488 0.136452 0.073099
81 0.698622 0.463311 0.128794 0.067530