86 0.671721 0.595912 0.414420 0.042677
33 0.541442 0.494834 0.167341 0.161725
32 0.702606 0.493711 0.168464 0.166217
84 0.717767 0.926101 0.032570 0.024708
84 0.501011 0.933401 0.039308 0.023585
81 0.517296 0.865454 0.179695 0.159479
81 0.713836 0.822215 0.213387 0.245957
81 0.801438 0.198787 0.053908 0.184187
81 0.725067 0.199910 0.056155 0.184187
81 0.650943 0.192049 0.060647 0.199910
81 0.466757 0.197664 0.101078 0.224618
81 0.365117 0.184748 0.088724 0.230234
81 0.282570 0.190364 0.069632 0.219003
81 0.200022 0.201033 0.073001 0.206649
81 0.302785 0.816599 0.215633 0.171833