81 0.255818 0.794025 0.130503 0.128931
81 0.375786 0.759682 0.118338 0.095995
81 0.494538 0.738580 0.104270 0.080271
81 0.596739 0.735684 0.093512 0.069513
81 0.689838 0.710857 0.097650 0.081099
81 0.785005 0.694720 0.097650 0.085237
81 0.290136 0.887123 0.120821 0.119166
81 0.407233 0.856504 0.108408 0.110890
81 0.517296 0.849470 0.105098 0.098477
81 0.702251 0.911536 0.099305 0.075306
81 0.600050 0.930156 0.093512 0.086064
81 0.498676 0.958292 0.089374 0.074479
81 0.829692 0.566865 0.069513 0.044687
81 0.739076 0.581761 0.106753 0.089374
44 0.192243 0.262579 0.129979 0.156184
40 0.316457 0.271488 0.122642 0.140461
41 0.432809 0.276730 0.114256 0.134172
43 0.540776 0.280398 0.099581 0.124738
42 0.636688 0.283019 0.085954 0.119497
55 0.723690 0.287736 0.083857 0.114256
56 0.805451 0.288260 0.075472 0.106918
46 0.789727 0.393606 0.085954 0.076520
46 0.699207 0.380435 0.091605 0.055373
50 0.593246 0.391031 0.118950 0.090238
38 0.466092 0.393765 0.125786 0.099809
37 0.333128 0.394107 0.141509 0.104594
39 0.193670 0.396500 0.131939 0.105278
49 0.267842 0.504512 0.170905 0.109379
45 0.403883 0.499043 0.113481 0.088871
48 0.515997 0.491523 0.105278 0.086136
47 0.616831 0.489472 0.101859 0.082034
36 0.710829 0.476825 0.082034 0.086820
53 0.787052 0.473407 0.071780 0.082718
32 0.646554 0.591260 0.081892 0.102856
33 0.559748 0.602725 0.082547 0.099581
45 0.474253 0.611897 0.083202 0.100891
53 0.368449 0.624017 0.099581 0.110718
46 0.262972 0.634172 0.120545 0.108753