71 0.581680 0.833664 0.073413 0.134259
71 0.508929 0.830688 0.062831 0.134921
71 0.443783 0.828373 0.058201 0.138228
71 0.379630 0.829034 0.060847 0.135582
71 0.312831 0.844246 0.059524 0.159392
74 0.250411 0.827860 0.055647 0.134100
74 0.189746 0.824895 0.060208 0.131819
74 0.332066 0.681555 0.057870 0.153896
74 0.266755 0.666706 0.060626 0.129330
74 0.204200 0.664683 0.055666 0.130071
73 0.598012 0.669696 0.072111 0.135262
73 0.527180 0.682924 0.061871 0.157450
73 0.460403 0.669056 0.061444 0.138249
73 0.395119 0.667136 0.063151 0.136969
73 0.590544 0.510539 0.069978 0.135262
73 0.519713 0.517533 0.067418 0.161197
73 0.451656 0.508619 0.063577 0.144223
70 0.386621 0.509779 0.061980 0.139928
70 0.321429 0.510999 0.066138 0.141267
70 0.255102 0.519841 0.062736 0.156085
70 0.190098 0.511243 0.059713 0.136243
77 0.149318 0.682489 0.044261 0.105311
81 0.608118 0.343466 0.074492 0.145300
81 0.527146 0.354452 0.069351 0.163095
81 0.466792 0.344812 0.045252 0.139639
81 0.417218 0.351080 0.048501 0.132275
81 0.363205 0.348876 0.051808 0.135582
81 0.310571 0.350529 0.044643 0.136684
81 0.259866 0.352183 0.050154 0.133377
81 0.214120 0.361552 0.044643 0.151014
81 0.154872 0.361828 0.058422 0.119599
91 0.603616 0.171076 0.073192 0.139330
91 0.528660 0.187390 0.064374 0.157848
92 0.458995 0.178571 0.066138 0.138448
92 0.387125 0.192681 0.067019 0.150794
93 0.321869 0.181217 0.051146 0.143739
93 0.277337 0.194004 0.030864 0.112875
94 0.205467 0.176808 0.065256 0.152557
94 0.145503 0.189153 0.042328 0.131393
84 0.512990 0.432608 0.015263 0.007801
84 0.538088 0.756173 0.015941 0.006444
84 0.514856 0.595577 0.016958 0.005427
84 0.287274 0.597273 0.015602 0.006105
84 0.355447 0.754477 0.016280 0.007123
84 0.324074 0.917108 0.017976 0.006105
84 0.539116 0.258881 0.017007 0.007559
84 0.372638 0.260015 0.017385 0.008314