84 0.838745 0.423280 0.034873 0.027658
84 0.673701 0.414562 0.028259 0.017436
84 0.570587 0.411255 0.028860 0.019240
84 0.388408 0.402537 0.025253 0.017436
84 0.368266 0.538420 0.022246 0.018639
84 0.476792 0.552850 0.024050 0.017436
84 0.609668 0.566979 0.026455 0.020443
84 0.726311 0.579004 0.034873 0.021645
84 0.880231 0.596140 0.036075 0.022246
84 0.879630 0.778920 0.032468 0.023449
84 0.583514 0.730219 0.029461 0.022246
84 0.398629 0.673701 0.026455 0.021044
84 0.241656 0.648148 0.020011 0.021028
81 0.907888 0.301828 0.122655 0.204425
81 0.800866 0.320467 0.093795 0.217653
73 0.697451 0.312049 0.093795 0.227273
73 0.597643 0.315055 0.088985 0.226070
74 0.512867 0.298220 0.068543 0.185185
70 0.435305 0.300024 0.072150 0.183983
70 0.363155 0.313853 0.076960 0.197210
93 0.290404 0.303030 0.061328 0.173160
93 0.225469 0.305435 0.051708 0.158730
93 0.170154 0.306037 0.049303 0.164743
92 0.115440 0.309043 0.040885 0.158730
92 0.055315 0.305435 0.055315 0.153920
4 0.886611 0.555188 0.044827 0.103616
4 0.857951 0.537551 0.027190 0.075691
1 0.815329 0.510362 0.052175 0.125661
1 0.756908 0.500808 0.045561 0.119782
0 0.712081 0.518445 0.061728 0.156526
2 0.648516 0.487213 0.053645 0.129336
3 0.592666 0.501911 0.059524 0.160200
81 0.531673 0.489418 0.040417 0.105820
81 0.487948 0.500073 0.041152 0.119782
81 0.449735 0.487213 0.036743 0.107290
81 0.407113 0.482069 0.033804 0.098471
81 0.371840 0.492357 0.035273 0.120517
81 0.337302 0.477660 0.029394 0.097002
81 0.304600 0.477293 0.038948 0.091858
81 0.265653 0.463330 0.040417 0.116843
81 0.225235 0.460758 0.034539 0.105820
81 0.188125 0.456349 0.033804 0.113169
81 0.148810 0.454879 0.046296 0.101411
81 0.104294 0.453805 0.027473 0.099715
81 0.951262 0.722934 0.097476 0.106838
81 0.834351 0.722934 0.126170 0.135328
81 0.704111 0.687831 0.115995 0.099715
81 0.589642 0.682234 0.098698 0.127188
81 0.470085 0.628816 0.089540 0.118030
81 0.385633 0.636956 0.069190 0.111925
81 0.323057 0.614062 0.039683 0.078348
81 0.281848 0.605922 0.034595 0.076313
81 0.235043 0.608974 0.042735 0.098698
81 0.192816 0.590659 0.039683 0.074278
81 0.149573 0.587607 0.038665 0.068173
81 0.091575 0.585572 0.063085 0.068173
81 0.025438 0.570309 0.048840 0.062068
81 0.566893 0.822468 0.109599 0.078420
81 0.448318 0.783730 0.085979 0.104875
81 0.370370 0.773337 0.047241 0.065193
81 0.312264 0.780896 0.042517 0.023621
81 0.268330 0.757275 0.037793 0.084089
81 0.218726 0.740268 0.029289 0.074641
81 0.173847 0.742158 0.035903 0.046296