84 0.466532 0.594414 0.030099 0.023211
84 0.316861 0.592543 0.028452 0.019467
84 0.659030 0.870171 0.035939 0.022462
86 0.484486 0.543291 0.712788 0.040881
11 0.350030 0.475217 0.096586 0.270291
11 0.268044 0.436283 0.086852 0.183438
9 0.416667 0.431791 0.044175 0.184936
9 0.457098 0.472597 0.050165 0.266547
9 0.496032 0.428422 0.042677 0.191674
9 0.539084 0.431417 0.044924 0.190177
8 0.584382 0.431417 0.045672 0.187182
8 0.623315 0.432165 0.045672 0.181192
8 0.676101 0.427673 0.035939 0.185684
8 0.717655 0.426924 0.041180 0.179695
8 0.759631 0.428263 0.043239 0.180818
8 0.804835 0.427771 0.047170 0.185731
38 0.321541 0.726328 0.196541 0.170335
45 0.505416 0.711915 0.164221 0.181691
45 0.673131 0.752096 0.174703 0.267296
12 0.196541 0.436829 0.056419 0.182205
12 0.146596 0.431280 0.043470 0.180355
8 0.671014 0.139197 0.049020 0.219201
8 0.717721 0.137810 0.035146 0.223825
8 0.757492 0.139197 0.038846 0.237699
8 0.805586 0.137810 0.059193 0.231225
9 0.612283 0.144747 0.049945 0.230300
9 0.565113 0.144747 0.044395 0.235849
9 0.525805 0.148446 0.045320 0.230300
9 0.476785 0.147521 0.050869 0.230300
9 0.433777 0.149371 0.057344 0.222900
9 0.388457 0.147059 0.049945 0.216426
9 0.337588 0.138735 0.055494 0.227525
9 0.289031 0.136422 0.060118 0.243248
12 0.206715 0.144284 0.049020 0.233074
50 0.363522 0.961478 0.198113 0.077044
50 0.193711 0.968553 0.147799 0.062893
48 0.559277 0.966195 0.168239 0.061321
48 0.731447 0.963836 0.172956 0.069182
37 0.170126 0.729560 0.094340 0.166667