84 0.176808 0.423280 0.048501 0.028219
84 0.643298 0.424162 0.036155 0.022928
84 0.306878 0.732804 0.024691 0.019400
84 0.483686 0.725309 0.036155 0.023810
84 0.605379 0.716931 0.027337 0.021164
84 0.761905 0.711199 0.022928 0.018519
84 0.475750 0.955026 0.023810 0.017637
84 0.762346 0.930335 0.029101 0.019400
77 0.738095 0.643739 0.204586 0.176367
70 0.798942 0.279541 0.107584 0.238095
71 0.680050 0.285559 0.113601 0.298786
72 0.567227 0.271942 0.107376 0.268441
72 0.450514 0.272720 0.108932 0.266885
73 0.326408 0.269997 0.122160 0.272331
73 0.194133 0.281668 0.129941 0.311236
81 0.212029 0.598739 0.058357 0.196857
81 0.284781 0.621304 0.074697 0.257547
81 0.344304 0.587457 0.056800 0.185185
81 0.411609 0.591348 0.062247 0.178960
81 0.487473 0.624805 0.066138 0.231871
81 0.544662 0.586290 0.048242 0.182851
81 0.604575 0.617025 0.060691 0.230314
81 0.239262 0.870293 0.086368 0.150171
81 0.355976 0.857454 0.109711 0.149393
81 0.568005 0.836835 0.087146 0.148615
81 0.674214 0.823607 0.091036 0.128385