20 0.681918 0.251572 0.064465 0.276730
20 0.775472 0.235063 0.066038 0.294025
11 0.755818 0.805031 0.080189 0.204403
12 0.664623 0.812893 0.048742 0.194969
12 0.608019 0.789308 0.048742 0.182390
13 0.550629 0.784591 0.047170 0.194969
9 0.751101 0.544025 0.058176 0.220126
8 0.699214 0.558962 0.058176 0.221698
7 0.622956 0.552673 0.094340 0.215409
24 0.528616 0.538522 0.091195 0.218553
24 0.448428 0.547170 0.062893 0.185535
15 0.382390 0.557390 0.059748 0.193396
26 0.256604 0.544811 0.047170 0.183962
26 0.207075 0.531447 0.033019 0.182390
21 0.348585 0.285377 0.073899 0.231132
21 0.413836 0.277516 0.053459 0.250000
5 0.262107 0.265723 0.086478 0.226415
22 0.468868 0.274371 0.044025 0.209119
22 0.538050 0.263365 0.056604 0.234277
22 0.609591 0.264151 0.058176 0.238994