84 0.243348 0.197549 0.016933 0.008063
84 0.255241 0.324343 0.016530 0.006854
84 0.264312 0.442469 0.015320 0.007660
84 0.274593 0.554749 0.013304 0.006451
84 0.280035 0.661385 0.017739 0.006854
84 0.290719 0.764998 0.014917 0.007660
84 0.296767 0.865788 0.017336 0.006854
84 0.485446 0.856313 0.019755 0.007257
84 0.487865 0.753911 0.014917 0.008870
84 0.476778 0.653524 0.014514 0.008870
84 0.469319 0.546686 0.014917 0.007257
84 0.463070 0.435414 0.013707 0.008063
84 0.462667 0.318497 0.016933 0.008870
84 0.460652 0.192509 0.017739 0.009273
84 0.454403 0.082043 0.014917 0.008466
47 0.268939 0.150086 0.113636 0.105775
47 0.381504 0.141152 0.108634 0.082190
47 0.280374 0.267653 0.107919 0.125071
47 0.383290 0.254431 0.106489 0.102916
47 0.290738 0.390223 0.104345 0.112922
47 0.390080 0.375929 0.102916 0.095769
47 0.293954 0.504931 0.109348 0.106489
47 0.395083 0.493139 0.101487 0.085763
47 0.304674 0.613350 0.105060 0.105775
47 0.403302 0.599771 0.097913 0.088622
48 0.315037 0.728774 0.098628 0.086478
48 0.411164 0.724485 0.089337 0.037879
48 0.320755 0.821684 0.097198 0.103631
48 0.414737 0.808105 0.096484 0.085049
46 0.478695 0.147013 0.088836 0.108491
46 0.567531 0.133648 0.087264 0.091195
46 0.656761 0.130110 0.091195 0.085692
46 0.486950 0.262579 0.105346 0.121069
46 0.591509 0.250786 0.105346 0.103774
46 0.490094 0.384827 0.103774 0.115566
46 0.589151 0.371069 0.097484 0.100629
46 0.494418 0.498035 0.101415 0.109277
46 0.589937 0.482704 0.100629 0.097484
46 0.497170 0.606525 0.095912 0.102987
46 0.592689 0.594340 0.095126 0.088050
46 0.501887 0.711085 0.092767 0.101415
46 0.595833 0.696541 0.095126 0.080189
46 0.506211 0.812107 0.093553 0.105346
46 0.598978 0.797563 0.091981 0.080975
50 0.504245 0.910770 0.102201 0.069969
50 0.606447 0.908805 0.103774 0.075472
40 0.763877 0.136382 0.088871 0.105961
40 0.840443 0.134673 0.065628 0.105278
40 0.760801 0.258750 0.090922 0.101859
40 0.841468 0.260118 0.066311 0.100492
40 0.755332 0.379751 0.093656 0.097758
40 0.838734 0.376333 0.074515 0.095023
40 0.757383 0.493916 0.081351 0.088187
40 0.836341 0.489472 0.073831 0.092972
40 0.760801 0.610131 0.103227 0.066311
40 0.844887 0.609448 0.058108 0.064944
37 0.762510 0.710965 0.099809 0.065628
37 0.842494 0.711649 0.061526 0.064260
49 0.761143 0.898004 0.112114 0.065628
49 0.846254 0.896637 0.059475 0.068362