84 0.556815 0.841837 0.031494 0.025825
84 0.632086 0.846876 0.023306 0.023306
84 0.802469 0.683736 0.026455 0.020786
84 0.796170 0.844356 0.023936 0.024565
84 0.302973 0.860103 0.028975 0.022046
84 0.194633 0.839632 0.025195 0.016377
84 0.252268 0.707042 0.020786 0.015747
84 0.388322 0.690665 0.033384 0.024565
84 0.480915 0.686886 0.037163 0.025825
84 0.571618 0.691610 0.024565 0.018896
84 0.661691 0.685626 0.029604 0.020786
84 0.408793 0.479340 0.040312 0.026455
84 0.459499 0.478395 0.039683 0.023306
84 0.273998 0.485324 0.026455 0.018267
84 0.162195 0.488158 0.042202 0.022676
84 0.541383 0.479655 0.035903 0.028345
84 0.605316 0.482489 0.032754 0.022676
84 0.672084 0.475876 0.035273 0.025825
84 0.771920 0.472726 0.035903 0.030864
84 0.687831 0.209751 0.035273 0.026455
84 0.639015 0.214160 0.042202 0.026455
84 0.566578 0.216049 0.040942 0.027715
84 0.444381 0.218254 0.039683 0.019526
84 0.374465 0.221403 0.038423 0.027085
84 0.334782 0.225183 0.027085 0.015747
84 0.271164 0.224868 0.027085 0.020156
84 0.204397 0.228962 0.027085 0.019526
84 0.812232 0.210695 0.037163 0.027085
50 0.467725 0.614286 0.110053 0.185185
50 0.573545 0.620899 0.100529 0.168783
48 0.674074 0.618783 0.102646 0.168783
47 0.778571 0.616138 0.107407 0.162434
49 0.355556 0.616402 0.108995 0.191534
45 0.253704 0.637566 0.092593 0.158730
81 0.163228 0.617460 0.079894 0.121693
38 0.778643 0.399369 0.085979 0.184168
37 0.697243 0.401659 0.078856 0.178571
39 0.617369 0.402930 0.076821 0.181115
55 0.527574 0.415649 0.096663 0.152625
42 0.453805 0.418193 0.051893 0.152625
41 0.368590 0.419974 0.124644 0.154151
44 0.266077 0.419719 0.079365 0.154660
40 0.174247 0.427350 0.105311 0.153643
33 0.776786 0.791336 0.086640 0.138228
32 0.705688 0.775463 0.054233 0.101190
31 0.635582 0.796627 0.042328 0.125000
45 0.595569 0.780754 0.039021 0.090608
47 0.532407 0.791997 0.078042 0.135582
48 0.454034 0.778770 0.085317 0.106481
34 0.352183 0.803571 0.121032 0.146825
0 0.272817 0.782352 0.030864 0.128417
0 0.219632 0.784006 0.072200 0.125110
1 0.174713 0.766645 0.049603 0.108025
0 0.136772 0.771429 0.024868 0.105820
5 0.821150 0.128098 0.050821 0.200501
22 0.763019 0.109649 0.062657 0.169173
23 0.691660 0.126009 0.060568 0.196324
26 0.628655 0.124617 0.061264 0.206071
14 0.565998 0.130187 0.052910 0.204678
15 0.502646 0.112086 0.064049 0.181008
7 0.439989 0.140281 0.062657 0.191451
8 0.377680 0.136452 0.061960 0.200501
9 0.326163 0.129838 0.034113 0.216514
9 0.293094 0.121484 0.029240 0.176135
11 0.248538 0.139933 0.051518 0.197717
12 0.183097 0.135408 0.077973 0.210944