88 0.846213 0.756753 0.053606 0.047341
88 0.775202 0.764759 0.050821 0.032721
88 0.702799 0.764063 0.054999 0.035505
88 0.637009 0.769284 0.050125 0.029240
88 0.566695 0.769632 0.064049 0.031328
88 0.491855 0.776594 0.059176 0.027151
88 0.417711 0.771373 0.055695 0.034809
88 0.354010 0.768936 0.046644 0.032721
88 0.278126 0.775550 0.050821 0.033417
88 0.201546 0.763715 0.060568 0.030632
88 0.235450 0.590168 0.032628 0.020723
88 0.283730 0.591490 0.036596 0.018959
88 0.330247 0.589727 0.038801 0.019841
88 0.373236 0.598765 0.026014 0.014991
88 0.410494 0.598325 0.027337 0.016755
88 0.445767 0.596340 0.024691 0.017196
88 0.479938 0.594356 0.024250 0.017637
88 0.519180 0.591931 0.030423 0.018078
88 0.563051 0.588404 0.028219 0.019841
88 0.604718 0.595459 0.023369 0.017196
88 0.173942 0.599206 0.024250 0.010582
88 0.641306 0.595694 0.026455 0.013684
88 0.673919 0.596606 0.025087 0.015508
88 0.719759 0.555556 0.032841 0.016420
88 0.766055 0.557380 0.030560 0.017333
88 0.814860 0.554187 0.034209 0.015508
88 0.861841 0.553275 0.026911 0.016420
88 0.671958 0.188492 0.054233 0.023810
88 0.686177 0.256283 0.050926 0.032407
88 0.596892 0.251653 0.058862 0.015212
88 0.582341 0.188823 0.053571 0.013889
88 0.744709 0.234458 0.046296 0.015212
88 0.828704 0.235450 0.037037 0.018519
88 0.509921 0.189484 0.055556 0.017857
88 0.490741 0.252976 0.038360 0.013889
88 0.409722 0.188161 0.050926 0.020503
88 0.416005 0.254960 0.047619 0.021825
81 0.843621 0.727146 0.057319 0.146238
81 0.774912 0.730820 0.069812 0.146238
81 0.704958 0.743502 0.062179 0.174542
81 0.637566 0.752646 0.075397 0.174603
81 0.563492 0.751653 0.066138 0.175265
81 0.493386 0.753307 0.068783 0.177249
81 0.424272 0.762566 0.073413 0.190476
81 0.350860 0.740741 0.069444 0.150794
81 0.284722 0.751984 0.077381 0.179894
81 0.201720 0.773810 0.079365 0.171958
81 0.855489 0.562169 0.042989 0.125661
81 0.811177 0.557209 0.041667 0.131614
81 0.764881 0.574074 0.046958 0.157407
81 0.717923 0.562831 0.041667 0.128307
81 0.677910 0.575066 0.030423 0.109127
81 0.640542 0.586310 0.039021 0.144841
81 0.605820 0.575397 0.033069 0.104497
81 0.567460 0.567130 0.041005 0.125000
81 0.523148 0.567460 0.037037 0.129630
81 0.481812 0.578042 0.037698 0.109788
81 0.445767 0.573743 0.035714 0.111772
81 0.411376 0.578042 0.039683 0.112434
81 0.375992 0.576058 0.037698 0.116402
81 0.332011 0.574735 0.046296 0.134921
81 0.286376 0.588624 0.048942 0.164021
81 0.239087 0.587963 0.048280 0.161376
81 0.183532 0.588955 0.054894 0.166005
81 0.141204 0.581349 0.033730 0.133598
81 0.821208 0.451389 0.054012 0.084877
81 0.766369 0.443122 0.057870 0.052910
81 0.725860 0.449460 0.025353 0.049052
81 0.698302 0.450287 0.026455 0.047399
81 0.673776 0.450287 0.024802 0.045194
81 0.649526 0.450011 0.024802 0.047950
81 0.711806 0.398203 0.024802 0.047950
81 0.689209 0.397101 0.019290 0.045745
81 0.669643 0.399581 0.027557 0.051808
81 0.643463 0.399306 0.027006 0.051257
81 0.625857 0.452920 0.021066 0.041642
81 0.603567 0.453900 0.019596 0.039683
81 0.578336 0.452675 0.024005 0.042132
81 0.556290 0.454390 0.024005 0.042622
81 0.615814 0.395356 0.022536 0.048011
81 0.593523 0.396335 0.022046 0.044092
81 0.570743 0.394866 0.020576 0.045072
81 0.552861 0.397560 0.017147 0.041642
81 0.532530 0.454635 0.023516 0.045072
81 0.507790 0.454635 0.022046 0.043112
81 0.508034 0.407358 0.022536 0.048501
81 0.533265 0.408583 0.023026 0.045072
81 0.467372 0.401480 0.057809 0.051440
81 0.468352 0.451940 0.062708 0.047521
81 0.405399 0.406134 0.063198 0.049971
81 0.409563 0.464678 0.063688 0.067117
81 0.341956 0.408828 0.065648 0.046541
81 0.345875 0.455859 0.061728 0.046541
81 0.279737 0.406624 0.067607 0.054870
81 0.284147 0.455124 0.065648 0.046051
81 0.215559 0.409073 0.065648 0.048991
81 0.220214 0.456839 0.065158 0.044582
81 0.838183 0.262787 0.078483 0.114638
81 0.755732 0.248236 0.081129 0.078483
81 0.676808 0.239418 0.076720 0.154321
81 0.598325 0.232804 0.082011 0.134039
81 0.515432 0.245591 0.083774 0.156085
81 0.428571 0.250882 0.084656 0.156085
81 0.358466 0.271605 0.073192 0.114638
81 0.294974 0.270282 0.059083 0.108466
81 0.219577 0.260141 0.081129 0.077601