81 0.506614 0.136684 0.380071 0.201058
81 0.473104 0.378307 0.360670 0.209877
81 0.537919 0.583333 0.442681 0.180776
81 0.413139 0.787478 0.184303 0.146384
81 0.817460 0.781305 0.107584 0.165785
81 0.636243 0.797619 0.231922 0.170194
81 0.727072 0.379630 0.140212 0.201940
84 0.718610 0.462963 0.020859 0.013228
84 0.459147 0.470340 0.020859 0.012719
84 0.726750 0.266840 0.024929 0.013736
84 0.799247 0.269129 0.019333 0.012210
15 0.814594 0.154597 0.050705 0.238646
15 0.781801 0.134204 0.031415 0.192350
14 0.731371 0.151841 0.050705 0.245260