73 0.410816 0.797975 0.066646 0.177554
73 0.480515 0.795177 0.068681 0.181115
73 0.557336 0.798230 0.069699 0.169923
73 0.629579 0.780169 0.068681 0.141941
70 0.708181 0.789835 0.067155 0.179589
70 0.780169 0.775081 0.071734 0.150081
91 0.334758 0.780423 0.073260 0.152625
91 0.264042 0.771775 0.067155 0.135328
91 0.186203 0.790598 0.075295 0.143468
88 0.330433 0.817053 0.048331 0.032560
88 0.265822 0.800010 0.047314 0.025946
88 0.182387 0.827991 0.049349 0.027981
81 0.847296 0.597810 0.035273 0.133010
81 0.809450 0.598178 0.041887 0.126396
81 0.770503 0.597075 0.034539 0.131540
81 0.724941 0.611038 0.038948 0.160935
81 0.688566 0.598912 0.035273 0.133745
81 0.641534 0.599647 0.045561 0.133745
81 0.596708 0.600750 0.041152 0.131540
81 0.551146 0.603689 0.051440 0.138889
81 0.509994 0.624633 0.030864 0.092593
81 0.476558 0.637493 0.034539 0.116843
81 0.446061 0.626102 0.030864 0.097002
81 0.411523 0.627572 0.033804 0.091123
81 0.376617 0.631614 0.027190 0.091858
81 0.344650 0.631981 0.035273 0.091123
81 0.308275 0.631614 0.036008 0.093327
81 0.274838 0.630879 0.032334 0.096267
81 0.241035 0.637860 0.038213 0.091123
81 0.203924 0.624633 0.037478 0.099941
81 0.165344 0.626470 0.042622 0.112434
81 0.283695 0.478627 0.070315 0.081454
81 0.214077 0.478279 0.059176 0.087719
81 0.153161 0.479323 0.051518 0.087023
81 0.407964 0.459134 0.094681 0.102339
81 0.503342 0.460178 0.091896 0.107212
81 0.591409 0.457742 0.066138 0.099554
81 0.665553 0.447299 0.090504 0.112086
81 0.764759 0.444514 0.105124 0.121832
70 0.851086 0.772417 0.052214 0.152464
81 0.764862 0.284781 0.220977 0.079365
81 0.618212 0.291353 0.068226 0.073099
81 0.545809 0.285436 0.073796 0.082150
81 0.468881 0.287524 0.077277 0.083542
81 0.385338 0.286480 0.080061 0.081454
81 0.303537 0.291005 0.075188 0.071011
81 0.222083 0.294486 0.080757 0.079365
81 0.151072 0.295879 0.055695 0.076580
81 0.857700 0.116611 0.027847 0.114871
81 0.828808 0.116959 0.018797 0.115567
81 0.804442 0.121832 0.016012 0.111390
81 0.780771 0.115915 0.017405 0.116263
81 0.755013 0.117307 0.014620 0.109301
81 0.730298 0.118003 0.015316 0.112086
81 0.701406 0.130187 0.018797 0.089112
81 0.678780 0.130187 0.015316 0.091896
81 0.656154 0.130883 0.021582 0.094681
81 0.630744 0.132275 0.020886 0.094681
81 0.606029 0.134712 0.025759 0.093985
81 0.573308 0.134016 0.025759 0.087023
81 0.541632 0.136104 0.026455 0.088415
81 0.511348 0.140281 0.020189 0.082846
81 0.489070 0.138541 0.025759 0.089112
81 0.463659 0.130883 0.022278 0.104428
81 0.445558 0.130535 0.015316 0.105124
81 0.422932 0.109301 0.024366 0.148984
81 0.392996 0.147243 0.028544 0.073099
81 0.364105 0.148984 0.030632 0.075188
81 0.336257 0.149332 0.025063 0.078669