87 0.556132 0.378145 0.287736 0.756289
84 0.640428 0.333628 0.038325 0.020637
84 0.544123 0.336085 0.032429 0.019654
84 0.589819 0.548349 0.035377 0.019654
15 0.622740 0.191136 0.038325 0.191627
11 0.566726 0.204403 0.063876 0.184748
12 0.507272 0.204403 0.043239 0.180818
13 0.458628 0.208333 0.048153 0.176887
14 0.632567 0.423546 0.061910 0.206368
7 0.568200 0.444674 0.056997 0.175904
8 0.517099 0.435829 0.031447 0.181800
9 0.454697 0.442217 0.040291 0.157233
21 0.577535 0.643475 0.046187 0.216195
5 0.626671 0.676395 0.056014 0.150354
24 0.519064 0.661164 0.051101 0.141509
27 0.469438 0.660181 0.056014 0.141509