92 0.630826 0.355253 0.071177 0.162509
91 0.553981 0.351789 0.066138 0.164399
91 0.836496 0.171670 0.068438 0.181159
91 0.760007 0.166207 0.071889 0.182885
92 0.838797 0.361744 0.061537 0.151829
92 0.772947 0.361169 0.066713 0.152979
92 0.703646 0.353405 0.071889 0.161606
81 0.859213 0.534277 0.034507 0.123073
81 0.816368 0.533989 0.047734 0.132850
94 0.758282 0.527663 0.068438 0.137451
94 0.688693 0.540028 0.061537 0.167932
94 0.615654 0.525362 0.070738 0.150104
94 0.542903 0.542616 0.075914 0.166207
91 0.461813 0.527375 0.071314 0.139176
91 0.382448 0.529101 0.074764 0.142627
91 0.302220 0.530649 0.079940 0.147582
91 0.339390 0.873016 0.130187 0.153161
91 0.469925 0.857700 0.119744 0.144806
91 0.591409 0.844472 0.116263 0.135060
91 0.704539 0.835422 0.112782 0.119744
70 0.317460 0.363757 0.083435 0.196378
70 0.399369 0.362230 0.074278 0.181115
70 0.479752 0.354599 0.076313 0.165853
73 0.271164 0.140924 0.080383 0.196378
73 0.360704 0.142959 0.082418 0.198413
73 0.447192 0.160765 0.080383 0.219780
73 0.524013 0.148046 0.079365 0.190273
74 0.605922 0.176028 0.070208 0.203500
74 0.684778 0.164835 0.069190 0.179080
88 0.299654 0.555556 0.057998 0.038665
88 0.380545 0.552503 0.054945 0.044770
88 0.463472 0.554029 0.062068 0.035613
88 0.540293 0.550977 0.059015 0.037648
88 0.617114 0.549451 0.055963 0.044770
88 0.686813 0.551486 0.048840 0.040700
88 0.759056 0.547416 0.046805 0.044770
88 0.819597 0.556573 0.037648 0.026455
88 0.560134 0.386142 0.051893 0.047823
88 0.628307 0.385124 0.053928 0.045788
88 0.699532 0.384615 0.049858 0.052910
88 0.772792 0.381054 0.051893 0.047823
88 0.841982 0.389703 0.049858 0.044770
88 0.760582 0.207061 0.049858 0.041718
88 0.837403 0.213166 0.054945 0.045788
78 0.330688 0.707011 0.134921 0.115079
78 0.461420 0.705908 0.122134 0.098765
76 0.582892 0.700176 0.117284 0.097002
77 0.694444 0.696429 0.106702 0.090388
75 0.812390 0.686287 0.112434 0.115079