84 0.792524 0.321970 0.037879 0.020726
84 0.575972 0.320898 0.032161 0.022870
84 0.455546 0.323399 0.028588 0.017867
84 0.361921 0.324114 0.027158 0.016438
84 0.708446 0.512354 0.032944 0.021713
84 0.631701 0.502246 0.027703 0.020964
84 0.423555 0.482031 0.023211 0.016472
84 0.348308 0.477538 0.028452 0.020964
84 0.708071 0.667715 0.032195 0.026954
84 0.543351 0.637766 0.027703 0.019467
84 0.817385 0.821578 0.032195 0.024708
84 0.297020 0.593516 0.032195 0.020216
84 0.193696 0.572552 0.030698 0.018718
84 0.175726 0.659030 0.018718 0.014975
81 0.815609 0.265437 0.108634 0.141509
81 0.690537 0.259720 0.110063 0.110063
81 0.569039 0.271155 0.107204 0.127216
81 0.466838 0.277587 0.100057 0.120069
81 0.374643 0.284734 0.092910 0.102916
81 0.293882 0.242567 0.040023 0.132933
81 0.173814 0.262579 0.042882 0.107204
81 0.842767 0.451973 0.054317 0.120069
81 0.748428 0.461264 0.131504 0.138651
81 0.619068 0.457690 0.118639 0.128645
81 0.510435 0.431961 0.078616 0.097198
81 0.422527 0.443396 0.085763 0.100057
81 0.336049 0.440537 0.087193 0.111492
81 0.256718 0.424099 0.068611 0.078616
81 0.185249 0.415523 0.065752 0.075758
49 0.729846 0.610635 0.174385 0.154374
45 0.582619 0.599200 0.111492 0.137221
45 0.478273 0.569182 0.091481 0.094340
81 0.389651 0.570612 0.088622 0.065752
81 0.301744 0.566324 0.075758 0.074328
81 0.172384 0.540595 0.080046 0.105775
81 0.238851 0.532018 0.058605 0.085763
46 0.756455 0.754717 0.118338 0.099305
46 0.641013 0.729891 0.104270 0.099305
46 0.540467 0.702582 0.093512 0.091029
95 0.683217 0.865194 0.119166 0.129924
95 0.806107 0.906571 0.126614 0.138199
95 0.566948 0.823817 0.091857 0.085237
95 0.453989 0.800232 0.092685 0.084409
95 0.355925 0.770440 0.081927 0.084409
95 0.277723 0.745614 0.064548 0.087719
81 0.185535 0.720788 0.079444 0.084409
81 0.441824 0.682303 0.087352 0.075996
81 0.338312 0.657407 0.077743 0.082110
81 0.246593 0.636443 0.058526 0.066387
81 0.160989 0.634259 0.070755 0.069008