84 0.246546 0.394253 0.027190 0.024250
84 0.434303 0.383598 0.029394 0.017637
84 0.562169 0.372208 0.033804 0.021311
84 0.803571 0.364491 0.034539 0.022046
84 0.771238 0.156158 0.036008 0.018372
84 0.621326 0.174162 0.033069 0.019106
84 0.484274 0.184083 0.036743 0.038948
84 0.370738 0.200985 0.025720 0.022781
84 0.288801 0.212008 0.027925 0.022781
84 0.645209 0.566211 0.033804 0.024250
84 0.777851 0.795488 0.034539 0.019841
47 0.559230 0.487948 0.139624 0.132275
47 0.710244 0.498604 0.162404 0.157995
49 0.555188 0.318195 0.169753 0.130805
46 0.734127 0.315256 0.173427 0.132275
40 0.630879 0.119048 0.134480 0.129336
43 0.777116 0.103616 0.149177 0.133745
81 0.509994 0.144768 0.091123 0.124927
81 0.376249 0.162404 0.073486 0.108760
81 0.294680 0.177837 0.060259 0.099941
81 0.224500 0.168283 0.065403 0.061728
81 0.433568 0.353101 0.055850 0.088918
81 0.231114 0.371840 0.062463 0.079365
81 0.298354 0.351631 0.070547 0.059524
81 0.371473 0.346855 0.065403 0.054380
81 0.443122 0.519180 0.066138 0.068342
81 0.374412 0.530938 0.074221 0.081570
81 0.302763 0.523222 0.072016 0.058789
81 0.234421 0.530570 0.061728 0.080835
81 0.426220 0.726411 0.060259 0.110964
81 0.573927 0.723471 0.069077 0.096267
81 0.497869 0.717225 0.069812 0.099941
81 0.360817 0.715388 0.060259 0.088918
81 0.295414 0.710244 0.070547 0.088918
81 0.224868 0.708407 0.067607 0.082305
81 0.165711 0.712816 0.046296 0.066138
81 0.203189 0.875955 0.049236 0.173427
81 0.264918 0.881834 0.055115 0.183715
81 0.322604 0.885509 0.052910 0.191064
81 0.390212 0.893592 0.061728 0.188125
81 0.460024 0.906452 0.064668 0.185920
81 0.525059 0.905644 0.050705 0.188712
81 0.589359 0.912625 0.058789 0.174750
81 0.653292 0.913727 0.052910 0.172546
81 0.721267 0.918871 0.068342 0.162257
81 0.794386 0.921811 0.069077 0.156378
81 0.739638 0.758377 0.105085 0.097002
81 0.830026 0.769400 0.068342 0.042622