81 0.298270 0.870283 0.111635 0.243711
81 0.424843 0.868711 0.122642 0.262578
81 0.546698 0.867925 0.095912 0.264150
81 0.649686 0.896226 0.069182 0.207547
81 0.723585 0.889937 0.069182 0.220126
81 0.813208 0.890723 0.072327 0.209119
81 0.302987 0.159591 0.136792 0.312893
81 0.440566 0.162736 0.128931 0.306604
73 0.576572 0.171384 0.149371 0.305031
73 0.718868 0.165881 0.132075 0.306604
74 0.836792 0.158019 0.078616 0.309748
71 0.297484 0.539308 0.135220 0.311321
71 0.439780 0.527516 0.130503 0.325472
70 0.576572 0.537736 0.127358 0.295597
70 0.714151 0.533805 0.128931 0.300314
72 0.830503 0.531447 0.106918 0.308176