84 0.318593 0.291863 0.049135 0.029481
84 0.538227 0.278597 0.052083 0.034395
84 0.620774 0.279088 0.036360 0.023585
84 0.491549 0.496266 0.035377 0.019654
84 0.295499 0.492335 0.036360 0.019654
84 0.775059 0.503145 0.042256 0.017689
84 0.280267 0.695558 0.031447 0.025550
84 0.469929 0.716195 0.039308 0.025550
84 0.738699 0.732901 0.040291 0.033412
84 0.636989 0.928459 0.037343 0.031447
84 0.408019 0.897013 0.039308 0.025550
84 0.185436 0.868514 0.038325 0.027516
74 0.450275 0.135613 0.102201 0.259434
74 0.321541 0.160672 0.131682 0.301690
70 0.198211 0.150354 0.103184 0.255503
81 0.821246 0.186517 0.073703 0.123821
81 0.749509 0.187500 0.056014 0.129717
81 0.686124 0.178164 0.062893 0.156250
81 0.616352 0.198998 0.058962 0.191627
81 0.545106 0.193593 0.063876 0.222091
81 0.786851 0.438286 0.175904 0.153302
81 0.601612 0.386203 0.082547 0.178852
81 0.502850 0.408314 0.059945 0.201454
81 0.365763 0.394556 0.068789 0.170008
81 0.304344 0.412244 0.052083 0.189662
81 0.227693 0.386203 0.073703 0.167060
81 0.169713 0.392590 0.040291 0.158215
81 0.414898 0.654776 0.143475 0.154285
81 0.560338 0.650354 0.141509 0.115959
81 0.713050 0.674921 0.156447 0.161164
81 0.266313 0.676395 0.141509 0.077634
81 0.155759 0.634631 0.063876 0.074686
81 0.783707 0.878833 0.085495 0.095322
81 0.657921 0.884729 0.156250 0.132665
81 0.510515 0.824292 0.126769 0.137579
81 0.363601 0.826258 0.151336 0.165094
81 0.212461 0.814957 0.137579 0.158215