84 0.222222 0.135582 0.034392 0.022487
84 0.383267 0.138228 0.035053 0.023810
84 0.498016 0.139881 0.039683 0.023148
84 0.328373 0.327712 0.028439 0.023148
84 0.668981 0.343254 0.028439 0.022487
84 0.830026 0.347222 0.031746 0.018519
84 0.161045 0.514220 0.033730 0.025794
84 0.271825 0.515873 0.029101 0.017196
84 0.412037 0.520833 0.031746 0.023148
84 0.550265 0.530423 0.035714 0.022487
84 0.732143 0.541667 0.031746 0.022487
84 0.291667 0.679233 0.029101 0.026455
84 0.592593 0.684524 0.037037 0.023810
84 0.785002 0.698514 0.035613 0.021368
84 0.858466 0.703704 0.030423 0.026455
84 0.706349 0.860450 0.030423 0.025132
84 0.473545 0.837632 0.033069 0.024471
84 0.165344 0.812500 0.033069 0.021825
44 0.205341 0.257937 0.117158 0.112749
44 0.328483 0.272739 0.119048 0.141093
44 0.456034 0.261086 0.128496 0.116528
42 0.582640 0.268015 0.132275 0.111489
42 0.716231 0.287504 0.128385 0.143946
55 0.831388 0.295285 0.091036 0.137722
55 0.169623 0.462574 0.088702 0.137722
56 0.275833 0.464908 0.119048 0.137722
39 0.413554 0.469966 0.148615 0.141612
37 0.569172 0.477747 0.161064 0.143168
38 0.732780 0.484510 0.159089 0.138021
50 0.293040 0.659849 0.146520 0.074278
46 0.449227 0.606939 0.141433 0.110908
46 0.585063 0.662393 0.126170 0.077330
48 0.730057 0.642043 0.153643 0.138380
49 0.168905 0.617114 0.089540 0.143468
34 0.179589 0.775336 0.108873 0.111925
34 0.289479 0.769231 0.112943 0.093610
53 0.412088 0.765670 0.113960 0.112943
53 0.521978 0.790598 0.134310 0.148555
32 0.656288 0.798230 0.132275 0.151608
32 0.761091 0.811966 0.146520 0.142450
81 0.401003 0.075536 0.062657 0.151072
81 0.355750 0.063005 0.044556 0.120440
81 0.307366 0.063353 0.039683 0.119744
81 0.243317 0.075884 0.071707 0.139237
81 0.182749 0.066138 0.045252 0.115567