84 0.250599 0.955526 0.024708 0.022462
84 0.651168 0.668014 0.029200 0.025457
84 0.274933 0.661276 0.026954 0.020964
84 0.330713 0.336178 0.029200 0.020964
95 0.284666 0.875037 0.182689 0.201408
95 0.479709 0.859689 0.199910 0.148248
95 0.702830 0.846586 0.238844 0.184936
81 0.651542 0.530623 0.223121 0.297245
81 0.462863 0.238095 0.215633 0.212639
81 0.246481 0.238470 0.208146 0.222372
81 0.817924 0.176887 0.094340 0.243711
81 0.720440 0.172956 0.075472 0.232704
81 0.626101 0.187893 0.088050 0.231132