1 0.762893 0.297170 0.091195 0.216981
0 0.666981 0.303459 0.078616 0.207547
3 0.572641 0.294811 0.081761 0.224843
2 0.483805 0.297170 0.070755 0.210692
2 0.398899 0.304245 0.073899 0.212264
81 0.326572 0.331761 0.048742 0.157233
81 0.277830 0.333333 0.029874 0.141509
81 0.222799 0.313679 0.048742 0.177673
81 0.165409 0.312893 0.047170 0.179245
81 0.153616 0.541667 0.042453 0.111635
81 0.220440 0.537736 0.056604 0.128931
81 0.292767 0.548742 0.062893 0.116352
81 0.369811 0.547170 0.072327 0.128931
81 0.459434 0.555031 0.091195 0.141509
81 0.558491 0.559748 0.066038 0.163522
81 0.749528 0.847484 0.227987 0.179245
81 0.584434 0.820755 0.067610 0.169811
81 0.481447 0.781447 0.088050 0.160377
81 0.402830 0.756289 0.056604 0.163522
81 0.312421 0.736635 0.092767 0.171384
81 0.209434 0.716195 0.059748 0.152516