81 0.759322 0.241465 0.151617 0.350404
81 0.616689 0.247642 0.129155 0.333558
84 0.405946 0.468196 0.030017 0.016438
3 0.463957 0.289066 0.145138 0.394291
2 0.326595 0.257188 0.119048 0.325696
2 0.196878 0.288700 0.126909 0.388720
84 0.231994 0.465815 0.030432 0.020288
84 0.440457 0.942644 0.028028 0.022559
81 0.743037 0.709120 0.143756 0.366128
81 0.582435 0.705750 0.128032 0.354897
81 0.451033 0.746182 0.110063 0.435759
81 0.316262 0.695081 0.110063 0.322327
81 0.201707 0.696766 0.110063 0.327942