81 0.244158 0.407297 0.036376 0.013228
81 0.367063 0.401510 0.037478 0.012676
81 0.478395 0.405644 0.040785 0.011023
81 0.572917 0.395448 0.031415 0.013779
81 0.661100 0.395448 0.040234 0.012676
81 0.744048 0.392692 0.034171 0.015983
81 0.831404 0.389936 0.031415 0.013779
81 0.430996 0.738261 0.034171 0.015983
2 0.476558 0.273369 0.102146 0.274838
1 0.570106 0.289683 0.079365 0.238095
0 0.656746 0.289021 0.083333 0.231481
3 0.371693 0.273148 0.087302 0.287037
81 0.254630 0.264550 0.107143 0.314815
81 0.823413 0.273810 0.075397 0.261905
81 0.396164 0.633598 0.136243 0.227513
81 0.686508 0.647487 0.211640 0.091270