84 0.293485 0.797233 0.028108 0.028108
84 0.380567 0.814594 0.025904 0.028660
84 0.510637 0.828924 0.028108 0.025353
84 0.435406 0.513393 0.039683 0.035825
84 0.757748 0.625787 0.039053 0.028345
84 0.776014 0.109284 0.036533 0.028345
9 0.657911 0.737591 0.039683 0.176367
9 0.710506 0.741686 0.031494 0.184555
9 0.766566 0.720585 0.060469 0.243134
9 0.846561 0.760582 0.041572 0.189594
13 0.850025 0.473671 0.037163 0.195263
13 0.788612 0.481859 0.031494 0.182666
13 0.716805 0.484694 0.030234 0.178256
13 0.655077 0.483119 0.028975 0.176367
13 0.653817 0.232111 0.025195 0.176997
13 0.713656 0.222348 0.034014 0.191484
13 0.777589 0.198413 0.044722 0.236835
13 0.851600 0.209751 0.030234 0.185185
45 0.294486 0.713938 0.086327 0.203982
47 0.390560 0.723684 0.103035 0.222083
46 0.500209 0.733083 0.119048 0.229741
72 0.569131 0.385686 0.093985 0.226956
72 0.467836 0.407616 0.101643 0.249930
71 0.406224 0.418059 0.098162 0.238791
71 0.327555 0.398914 0.053606 0.204678
71 0.265470 0.403787 0.056640 0.194932