84 0.311059 0.544353 0.035377 0.025550
72 0.360377 0.340409 0.198113 0.448113
72 0.556918 0.301101 0.204403 0.416667
72 0.190566 0.319969 0.128931 0.394654
70 0.742453 0.293239 0.191824 0.419811
84 0.326572 0.987421 0.039308 0.025157
81 0.171698 0.811321 0.084906 0.261006
81 0.251101 0.812107 0.092767 0.259434
81 0.353302 0.816824 0.105346 0.366352
81 0.472013 0.764937 0.113208 0.360063
81 0.581289 0.750786 0.102201 0.385220
81 0.660692 0.756289 0.069182 0.371069
81 0.755031 0.750786 0.113208 0.382075
81 0.843082 0.759434 0.069182 0.374214