84 0.244200 0.612281 0.027473 0.011701
84 0.445920 0.601852 0.026964 0.013228
84 0.671805 0.590659 0.025946 0.012210
84 0.416412 0.867420 0.028999 0.011193
84 0.634921 0.854955 0.024420 0.009666
84 0.417684 0.307540 0.027473 0.010684
84 0.324583 0.309066 0.027473 0.011701
84 0.152116 0.308812 0.030525 0.013228
84 0.500611 0.299654 0.031543 0.014245
84 0.587352 0.301689 0.026964 0.016280
84 0.669770 0.299654 0.024929 0.013228
84 0.819650 0.845421 0.023718 0.013228
81 0.600382 0.516608 0.195473 0.167549
81 0.785567 0.511831 0.173427 0.155056
81 0.417034 0.546370 0.166814 0.125661
81 0.232584 0.537551 0.169753 0.162404
81 0.170488 0.193269 0.086714 0.248383
81 0.256467 0.164609 0.077895 0.216049
81 0.344650 0.190697 0.092593 0.257937
81 0.429527 0.191432 0.068342 0.252058
81 0.512199 0.202822 0.074956 0.213110
81 0.591931 0.201352 0.078630 0.218989
81 0.661376 0.199148 0.055850 0.226337
81 0.713183 0.182246 0.050705 0.169018
84 0.829659 0.288556 0.027925 0.009798
4 0.824515 0.223888 0.042132 0.142073
4 0.783363 0.206986 0.035273 0.105330
4 0.862238 0.204782 0.027435 0.107780
11 0.400990 0.749314 0.077895 0.261121
11 0.486723 0.721389 0.077895 0.212130
12 0.548452 0.718695 0.044582 0.212620
12 0.589114 0.712816 0.041642 0.208701
12 0.632716 0.736332 0.033804 0.246914
12 0.678033 0.715510 0.036253 0.206251
13 0.718450 0.718695 0.032824 0.183226
13 0.758132 0.706692 0.042622 0.208211
13 0.804919 0.727023 0.047031 0.259651
13 0.834313 0.701548 0.040172 0.208701
81 0.292989 0.735780 0.041005 0.210979
81 0.339947 0.731481 0.038360 0.203704
81 0.248347 0.740741 0.037698 0.189153
81 0.208003 0.734788 0.028439 0.170635
81 0.168981 0.729828 0.039021 0.166005