74 0.804560 0.298742 0.114780 0.216981
74 0.695283 0.308962 0.084906 0.215409
70 0.594654 0.323899 0.088050 0.207547
70 0.507390 0.334119 0.077044 0.196541
72 0.432704 0.342767 0.069182 0.176101
72 0.365094 0.355818 0.058176 0.168239
72 0.303774 0.363286 0.055031 0.159591
71 0.247956 0.371934 0.051887 0.156447
71 0.192038 0.377787 0.059320 0.150086
91 0.144154 0.384220 0.032161 0.137221
81 0.860273 0.527254 0.034591 0.138365
81 0.811006 0.529350 0.049266 0.123690
81 0.737107 0.524109 0.052411 0.144654
81 0.685744 0.525681 0.039832 0.128931
81 0.618134 0.524109 0.051363 0.129979
81 0.563103 0.525157 0.037736 0.111111
81 0.292662 0.528826 0.027254 0.095388
81 0.266981 0.526730 0.022013 0.087002
81 0.239727 0.521488 0.028302 0.097484
81 0.207233 0.519916 0.026205 0.098532
81 0.173690 0.515723 0.024109 0.100629
81 0.142767 0.517820 0.020964 0.096436
81 0.802725 0.739623 0.129979 0.115304
81 0.659644 0.753249 0.122642 0.052411
81 0.540671 0.720755 0.109015 0.073375
81 0.433229 0.675157 0.082809 0.120545
81 0.353040 0.666771 0.052411 0.084906
81 0.302725 0.658386 0.035639 0.076520
81 0.259224 0.652621 0.026205 0.075472
81 0.225681 0.650524 0.028302 0.071279
81 0.190566 0.647379 0.020964 0.067086
81 0.158071 0.641090 0.029350 0.071279
81 0.760273 0.896855 0.151992 0.138365
81 0.615618 0.868553 0.122642 0.117400
81 0.500839 0.840776 0.113208 0.118449
81 0.421593 0.825577 0.033543 0.104822
81 0.374423 0.803564 0.044025 0.123690
81 0.279560 0.778407 0.042977 0.106918
81 0.232568 0.769483 0.030079 0.109379
81 0.191550 0.779054 0.030079 0.065628
81 0.153610 0.766407 0.025294 0.054006
81 0.353381 0.927392 0.037624 0.082547
81 0.312107 0.918127 0.031447 0.081986
81 0.268306 0.915319 0.038185 0.047170
81 0.227033 0.895103 0.027516 0.059524
81 0.159367 0.868430 0.032570 0.061208
81 0.444528 0.969874 0.055346 0.052201
81 0.505535 0.968428 0.045283 0.063144
81 0.568113 0.973962 0.043396 0.046541
81 0.640440 0.981824 0.052201 0.034591
1 0.509874 0.526415 0.044654 0.114465
0 0.462390 0.528302 0.044025 0.108176
3 0.418050 0.517296 0.039623 0.126415
2 0.373711 0.519497 0.037736 0.120755
2 0.331572 0.517610 0.041509 0.122013