84 0.257531 0.588299 0.036412 0.032274
81 0.284801 0.388889 0.135220 0.433962
81 0.427883 0.358491 0.134172 0.358491
81 0.165319 0.363657 0.078616 0.366128
81 0.167004 0.806941 0.079739 0.386118
81 0.266959 0.808625 0.106694 0.382749
81 0.374214 0.806379 0.101078 0.387242
81 0.483154 0.798518 0.107817 0.402964
81 0.587040 0.803010 0.095463 0.393980
81 0.683625 0.801887 0.099955 0.396226
81 0.777965 0.804245 0.102201 0.389712
81 0.856447 0.809748 0.048742 0.380503
74 0.593082 0.321541 0.210692 0.422956
74 0.791981 0.309748 0.177673 0.455975