84 0.337914 0.220878 0.025294 0.014356
84 0.804826 0.203104 0.036232 0.015723
84 0.631187 0.470057 0.032130 0.021876
84 0.839349 0.714794 0.031447 0.020509
84 0.591879 0.700779 0.030079 0.019825
84 0.668444 0.929109 0.031447 0.018458
84 0.224774 0.908600 0.030079 0.015723
84 0.337572 0.703172 0.035548 0.017774
84 0.363823 0.474159 0.028712 0.016407
84 0.162838 0.477577 0.031447 0.017774
86 0.742138 0.141509 0.263007 0.060034
86 0.771441 0.403802 0.212979 0.052887
86 0.805031 0.642510 0.145798 0.041452
32 0.562332 0.364443 0.196541 0.248203
33 0.764039 0.321765 0.207772 0.102201
40 0.719677 0.068509 0.235849 0.069632
95 0.420373 0.133648 0.241465 0.202156
95 0.208670 0.108940 0.166217 0.159479
95 0.369272 0.397013 0.177448 0.176325
95 0.200809 0.381851 0.146002 0.215633
50 0.601190 0.603774 0.248203 0.229111
46 0.808401 0.556604 0.134771 0.112309
81 0.249663 0.845238 0.176325 0.154987
81 0.443396 0.814915 0.211141 0.116801
81 0.655099 0.867700 0.207772 0.141509
81 0.824124 0.835692 0.101078 0.099955