95 0.729874 0.114780 0.292453 0.191824
84 0.716733 0.196541 0.035584 0.015723
84 0.287239 0.206471 0.030619 0.017378
84 0.189590 0.485766 0.027309 0.018206
84 0.444058 0.483284 0.031447 0.018206
84 0.734525 0.480387 0.044687 0.020689
84 0.744455 0.734028 0.029791 0.018206
84 0.375786 0.731132 0.033929 0.017378
84 0.510052 0.959962 0.030885 0.017408
95 0.446344 0.106623 0.261399 0.130700
81 0.769654 0.368023 0.210299 0.242728
81 0.512186 0.387186 0.292846 0.224057
81 0.240094 0.388365 0.231132 0.213836
81 0.215723 0.593553 0.188679 0.168239
81 0.422484 0.636792 0.209119 0.235849
81 0.665409 0.643082 0.229560 0.223270
81 0.753459 0.880503 0.097484 0.075472
81 0.648899 0.871855 0.095912 0.070755
81 0.534906 0.908019 0.097484 0.146226
81 0.447641 0.865566 0.086478 0.073899
81 0.345440 0.868711 0.089623 0.061321
81 0.241667 0.834119 0.099057 0.121069