87 0.591270 0.503307 0.357143 0.982804
7 0.450680 0.265023 0.069917 0.250378
7 0.539494 0.274471 0.092593 0.239040
15 0.622638 0.267385 0.052910 0.228647
15 0.710979 0.257464 0.067082 0.240930
12 0.459656 0.581066 0.059524 0.217309
12 0.530990 0.590514 0.039683 0.213530
11 0.610828 0.617914 0.099206 0.236206
11 0.712396 0.613662 0.090703 0.237150
13 0.451153 0.875378 0.050076 0.203137
13 0.527683 0.880102 0.051965 0.216364
9 0.607993 0.906085 0.050076 0.185185
9 0.679800 0.909580 0.046296 0.180839