73 0.149471 0.166005 0.060847 0.271164
73 0.240741 0.147487 0.129630 0.294974
74 0.360450 0.148337 0.138889 0.296674
74 0.503590 0.146447 0.130385 0.287226
92 0.643424 0.162037 0.139834 0.324074
92 0.783258 0.142196 0.134165 0.284392
81 0.742158 0.867819 0.106765 0.154006
81 0.638228 0.854592 0.087868 0.184240
81 0.543745 0.848923 0.070862 0.148337
81 0.464380 0.844671 0.080310 0.188964
81 0.377929 0.836168 0.068027 0.190854
81 0.307067 0.828137 0.073696 0.208806
81 0.231954 0.831444 0.078420 0.198413
81 0.156746 0.813492 0.078042 0.230159
71 0.760582 0.484127 0.132275 0.291005
71 0.630291 0.495370 0.117725 0.287037
72 0.508598 0.493386 0.128307 0.296296
72 0.371693 0.499339 0.121693 0.289683
70 0.250000 0.501984 0.111111 0.287037
70 0.160053 0.506614 0.058201 0.298942