73 0.224206 0.226190 0.109788 0.251323
73 0.340608 0.238757 0.115079 0.289683
84 0.321986 0.371067 0.036898 0.019493
84 0.544069 0.363409 0.035505 0.022278
84 0.682261 0.570872 0.044556 0.026455
84 0.253063 0.580618 0.035505 0.020886
84 0.541980 0.799220 0.042467 0.030632
84 0.751532 0.794347 0.043860 0.032025
74 0.464380 0.218254 0.112434 0.255102
74 0.589569 0.231481 0.126606 0.294785
81 0.703893 0.249433 0.068027 0.168178
81 0.776644 0.242819 0.081255 0.179516
81 0.845144 0.239985 0.061413 0.177627
81 0.827887 0.459073 0.073140 0.171180
81 0.751245 0.460240 0.077031 0.181295
81 0.674603 0.479303 0.079365 0.211640
81 0.599518 0.462185 0.069250 0.175848
81 0.526377 0.464519 0.070806 0.175848
81 0.456738 0.465297 0.073140 0.175848
1 0.389194 0.480769 0.055963 0.149573
1 0.330179 0.482804 0.055963 0.145503
0 0.267094 0.502646 0.068173 0.181115
0 0.209605 0.487383 0.054945 0.150590
2 0.151565 0.477844 0.054012 0.175265
81 0.775794 0.939153 0.160053 0.087302
81 0.600529 0.914021 0.179894 0.126984
81 0.423942 0.912037 0.170635 0.130952
81 0.256614 0.914683 0.153439 0.128307
81 0.820767 0.718915 0.107143 0.107143
81 0.690476 0.737434 0.161376 0.152116
81 0.542328 0.740741 0.156085 0.153439
81 0.378307 0.715608 0.166667 0.113757