81 0.351078 0.204964 0.098832 0.221249
81 0.250562 0.206087 0.086478 0.223495
81 0.162960 0.197102 0.068509 0.225741
81 0.182615 0.475741 0.112309 0.166217
81 0.175988 0.677898 0.104447 0.181941
81 0.294474 0.679021 0.107817 0.181941
81 0.419137 0.679582 0.112309 0.169587
81 0.558962 0.678459 0.135894 0.156110
81 0.700472 0.673967 0.142633 0.158356
81 0.833109 0.678459 0.085355 0.167341
81 0.753931 0.898585 0.115678 0.178571
81 0.638252 0.904200 0.104447 0.187556
81 0.525382 0.896900 0.107817 0.184187
81 0.401842 0.910377 0.105571 0.170710
81 0.279425 0.913747 0.114555 0.168464
81 0.170485 0.912511 0.080863 0.174978
73 0.293239 0.446803 0.100454 0.217505
74 0.393868 0.451553 0.094340 0.211281
72 0.488208 0.449587 0.096305 0.217178
72 0.580582 0.452535 0.088443 0.223074
72 0.771226 0.450570 0.096305 0.219143
70 0.675413 0.448605 0.085495 0.223074
70 0.556014 0.208825 0.098270 0.221108
70 0.452339 0.204894 0.101219 0.227005
81 0.651336 0.241254 0.058962 0.144458
81 0.727496 0.230444 0.073703 0.177869
81 0.808569 0.234866 0.070755 0.170991