2 0.534802 0.108101 0.045156 0.107645
3 0.580414 0.114714 0.041507 0.109925
1 0.741197 0.272532 0.033753 0.083470
0 0.706760 0.266375 0.032385 0.091224
0 0.672551 0.259761 0.032385 0.091680
40 0.356459 0.339126 0.106276 0.085295
44 0.455893 0.348248 0.080733 0.081646
43 0.540504 0.363300 0.076628 0.081646
41 0.622605 0.374932 0.077541 0.077541
42 0.702655 0.383826 0.083470 0.080733
38 0.712396 0.482237 0.091459 0.058957
37 0.618859 0.474868 0.092593 0.060091
39 0.518519 0.465231 0.096750 0.061224
56 0.427627 0.444633 0.079743 0.082766
55 0.339569 0.436508 0.083522 0.083144
45 0.330499 0.529856 0.088057 0.083900
49 0.432351 0.534203 0.115646 0.081255
47 0.324269 0.635115 0.097650 0.076642
48 0.423475 0.641534 0.096094 0.079365
48 0.511204 0.651066 0.076253 0.061080
53 0.587457 0.655929 0.070806 0.065359
36 0.662737 0.649121 0.075086 0.077420
31 0.590764 0.762722 0.063414 0.062636
33 0.520153 0.733349 0.073140 0.039683
32 0.518207 0.772059 0.072362 0.033847
81 0.663029 0.757606 0.078704 0.074735
81 0.358796 0.746693 0.106481 0.070106
81 0.638889 0.251984 0.027778 0.085979
81 0.609788 0.250000 0.027778 0.092593
81 0.575066 0.240079 0.024471 0.092593
81 0.544974 0.259921 0.017196 0.051587
81 0.519511 0.252976 0.021825 0.054894
81 0.666005 0.123016 0.041005 0.111111
81 0.624339 0.119048 0.039683 0.103175
81 0.493386 0.098545 0.042328 0.108466
81 0.447751 0.085979 0.044974 0.126984
81 0.401455 0.075728 0.039683 0.121032
81 0.353175 0.067791 0.042328 0.123677
81 0.446098 0.748016 0.062831 0.079365
4 0.496032 0.249118 0.017236 0.055716