95 0.542767 0.146226 0.270440 0.251572
95 0.776258 0.119497 0.190252 0.176101
95 0.267610 0.183176 0.279874 0.187107
95 0.585220 0.419811 0.216981 0.232704
95 0.782547 0.388365 0.174528 0.179245
84 0.620807 0.257665 0.031447 0.015068
84 0.250983 0.258648 0.039963 0.020964
84 0.786884 0.528564 0.036032 0.018344
84 0.561190 0.531184 0.036688 0.018344
84 0.296842 0.533150 0.033412 0.017034
84 0.319772 0.783936 0.032102 0.015723
84 0.533674 0.781316 0.030136 0.017034
84 0.698113 0.775419 0.032757 0.017034
81 0.350943 0.423742 0.261006 0.246855
81 0.467296 0.701258 0.216981 0.182390
81 0.692924 0.682390 0.212264 0.229560
81 0.240880 0.719340 0.223270 0.183962