84 0.429531 0.597699 0.020011 0.019297
84 0.628216 0.592839 0.018582 0.019297
84 0.681461 0.927459 0.025014 0.023585
84 0.525300 0.925314 0.031447 0.027873
84 0.328402 0.941038 0.033591 0.019297
84 0.189280 0.285979 0.017111 0.019423
84 0.507677 0.290834 0.016648 0.013411
84 0.321485 0.287230 0.024146 0.016285
48 0.197541 0.170455 0.148656 0.252287
46 0.347270 0.184034 0.150800 0.226558
53 0.493425 0.185820 0.152945 0.225843
53 0.655303 0.142581 0.173671 0.240852
45 0.564894 0.491710 0.145798 0.228702
45 0.698185 0.473842 0.139365 0.181532
33 0.408019 0.487779 0.156518 0.235134
33 0.248285 0.462764 0.162950 0.197970
4 0.325172 0.865304 0.045672 0.178946
4 0.273136 0.831986 0.043426 0.110812
4 0.365229 0.829739 0.040431 0.106319
4 0.409404 0.830488 0.040431 0.112309
81 0.518344 0.861186 0.162474 0.173705
81 0.654238 0.851078 0.092842 0.195418
81 0.742588 0.840596 0.083857 0.108565
81 0.833932 0.816262 0.074873 0.140761
81 0.201572 0.786164 0.084906 0.226415