84 0.489817 0.629904 0.028452 0.018718
84 0.253968 0.634771 0.025457 0.022462
84 0.440027 0.951408 0.030698 0.021713
84 0.552336 0.343666 0.036688 0.017969
84 0.741390 0.339173 0.041929 0.019467
84 0.218029 0.342543 0.022462 0.014226
47 0.572177 0.235100 0.149745 0.238095
36 0.720051 0.236223 0.154987 0.231357
48 0.255466 0.242588 0.157233 0.227613
53 0.570305 0.239593 0.150494 0.239593
46 0.412698 0.218029 0.163223 0.197664
95 0.243486 0.523884 0.199161 0.247829
81 0.428422 0.542228 0.164720 0.202156
81 0.602501 0.520889 0.178946 0.150494
32 0.767221 0.499551 0.144504 0.179695
84 0.861186 0.937556 0.023959 0.022462
4 0.863058 0.869048 0.026205 0.166966
4 0.832360 0.833483 0.038185 0.107817
4 0.791554 0.834981 0.040431 0.100329
1 0.584606 0.816262 0.057802 0.173705
1 0.511530 0.815888 0.062893 0.175951
0 0.447140 0.848458 0.070380 0.235100
0 0.388365 0.816637 0.053160 0.184936
3 0.309000 0.802037 0.087601 0.217131
2 0.216906 0.808775 0.089099 0.214136
81 0.653190 0.817760 0.070380 0.157233
81 0.729185 0.794924 0.071129 0.205900