87 0.500314 0.415094 0.279874 0.830188
84 0.571086 0.373138 0.047170 0.032274
84 0.581016 0.603691 0.035584 0.030619
84 0.421549 0.117097 0.044687 0.017378
15 0.572552 0.202718 0.067385 0.252695
15 0.505728 0.223495 0.057278 0.213387
8 0.442273 0.233603 0.049416 0.188679
9 0.377695 0.224618 0.032570 0.215633
5 0.566936 0.471698 0.065139 0.231357
14 0.504605 0.497529 0.057278 0.172956
27 0.445642 0.487983 0.069632 0.180818
23 0.390049 0.485737 0.030323 0.171833
17 0.509659 0.719901 0.040431 0.148248
18 0.573675 0.696878 0.053908 0.227987
84 0.578167 0.604784 0.040431 0.030323
16 0.454627 0.712601 0.031447 0.160602
21 0.393419 0.704178 0.041554 0.150494