86 0.446069 0.545597 0.630503 0.059748
86 0.469654 0.283019 0.690252 0.037736
86 0.460220 0.797956 0.671384 0.051887
38 0.552492 0.465772 0.179003 0.124577
45 0.715167 0.454886 0.156023 0.114901
37 0.376512 0.473029 0.185051 0.112482
39 0.204765 0.482100 0.153604 0.120948
50 0.218674 0.757862 0.186260 0.200774
50 0.394654 0.712506 0.189889 0.124577
48 0.568820 0.745162 0.168118 0.180213
48 0.724843 0.699806 0.153604 0.108853
84 0.289308 0.848229 0.031447 0.021516
84 0.608739 0.820920 0.021516 0.021516
84 0.145506 0.610522 0.025550 0.018999
36 0.302785 0.943396 0.137017 0.113208
36 0.435310 0.932839 0.130279 0.105571
53 0.566150 0.922170 0.115678 0.115678
53 0.680144 0.901954 0.125786 0.104447
36 0.183176 0.954066 0.115678 0.091868
9 0.146114 0.180818 0.032570 0.184187
9 0.185422 0.178010 0.050539 0.183064
9 0.229784 0.172956 0.062893 0.172956
11 0.293239 0.176325 0.086478 0.172956
11 0.377471 0.175202 0.075247 0.179695
11 0.458895 0.179695 0.080863 0.179695
12 0.522350 0.174079 0.037062 0.190925
12 0.562781 0.171271 0.039308 0.183064
12 0.603212 0.170148 0.039308 0.178571
12 0.642520 0.174079 0.032570 0.172956
12 0.688567 0.176325 0.039308 0.186433
12 0.741352 0.163971 0.037062 0.166217