81 0.143744 0.204816 0.033929 0.166336
81 0.197120 0.198610 0.066203 0.165508
81 0.267047 0.201092 0.070341 0.165508
81 0.335319 0.199024 0.064548 0.158060
81 0.404419 0.194886 0.070341 0.163025
81 0.473519 0.190334 0.069513 0.165508
81 0.542205 0.184955 0.069513 0.166336
81 0.611718 0.189093 0.071168 0.164681
81 0.677094 0.180404 0.069513 0.167163
81 0.741228 0.205644 0.055445 0.106753
81 0.796260 0.212264 0.039722 0.090202
81 0.739573 0.465581 0.177921 0.111896
81 0.581099 0.455284 0.139027 0.140956
81 0.423452 0.458499 0.169646 0.149040
81 0.316700 0.429907 0.047170 0.141509
81 0.265392 0.431562 0.055445 0.144820
81 0.198775 0.422459 0.066203 0.172956
2 0.144985 0.425770 0.038067 0.169646
81 0.250910 0.652516 0.137372 0.119993
95 0.390765 0.669187 0.142337 0.140096
95 0.391293 0.723054 0.025483 0.010844
95 0.534700 0.639714 0.136630 0.185739
95 0.681902 0.616786 0.158859 0.138799
95 0.764585 0.836315 0.158317 0.100304
95 0.618467 0.832249 0.132835 0.120364
95 0.489156 0.836858 0.127955 0.117653
81 0.336773 0.851808 0.175904 0.106132
81 0.187402 0.857213 0.124803 0.097288
84 0.524204 0.718839 0.017153 0.012864
84 0.391986 0.723366 0.019535 0.010482
84 0.429626 0.509434 0.015723 0.013341
84 0.585668 0.511102 0.020011 0.010959
84 0.738613 0.506099 0.019059 0.012388
84 0.754574 0.915809 0.019535 0.015723
84 0.289308 0.927482 0.016200 0.013341