84 0.385932 0.524821 0.038904 0.027233
84 0.635699 0.524432 0.042017 0.024899
84 0.793011 0.524043 0.027735 0.021008
84 0.410053 0.328354 0.038904 0.024899
84 0.301221 0.325630 0.034438 0.022565
84 0.139278 0.326019 0.034236 0.020230
84 0.152505 0.727513 0.029567 0.018674
84 0.339580 0.726735 0.036681 0.023343
84 0.593293 0.724401 0.039683 0.029567
84 0.782369 0.722845 0.041239 0.031124
84 0.148148 0.933754 0.030688 0.020324
84 0.307672 0.931310 0.032275 0.023467
84 0.407656 0.930423 0.034360 0.024868
84 0.498148 0.925770 0.031217 0.021475
84 0.610582 0.923592 0.029630 0.021786
84 0.706505 0.922035 0.034236 0.029567
84 0.770308 0.920868 0.042017 0.021008
45 0.328743 0.478136 0.151727 0.128385
45 0.465686 0.460240 0.115935 0.100373
49 0.621693 0.469577 0.177404 0.134609
36 0.535307 0.670324 0.150986 0.137722
36 0.666100 0.657281 0.105190 0.111489
45 0.773180 0.694759 0.119048 0.097002
53 0.389582 0.669564 0.137944 0.133535
53 0.264865 0.660746 0.108970 0.110859
46 0.164399 0.670824 0.083144 0.136054
38 0.188650 0.475246 0.125346 0.126606
84 0.149597 0.524376 0.032124 0.027085
0 0.287831 0.857672 0.070899 0.169312
1 0.337302 0.846032 0.052381 0.138624
81 0.220106 0.844709 0.046561 0.147619
81 0.161376 0.859788 0.058201 0.172487
81 0.400529 0.887831 0.065608 0.114286
81 0.477249 0.871958 0.069841 0.136508
81 0.523810 0.858201 0.051852 0.108995
81 0.588889 0.856614 0.071958 0.160847
81 0.640741 0.842593 0.059259 0.135979
81 0.701852 0.838889 0.064021 0.199471
81 0.768783 0.853704 0.055026 0.165608
81 0.818161 0.832555 0.049020 0.158730
81 0.860955 0.832555 0.027233 0.155618
81 0.411768 0.269694 0.072016 0.150402
81 0.277043 0.290025 0.076916 0.092103
81 0.338281 0.277043 0.064178 0.068097
81 0.497257 0.252792 0.069567 0.124437
81 0.573437 0.254997 0.063198 0.121987
81 0.648148 0.255242 0.072506 0.115618
81 0.725554 0.255487 0.067607 0.119048
81 0.799040 0.256712 0.062708 0.119538
84 0.223718 0.148953 0.037957 0.025305
84 0.425868 0.151829 0.032781 0.023004
84 0.586899 0.149816 0.037382 0.023579
84 0.727801 0.151541 0.037382 0.024730
81 0.278640 0.123648 0.144352 0.092017
81 0.429319 0.109271 0.145503 0.116172
81 0.581723 0.106683 0.147803 0.108696
81 0.735277 0.104095 0.151254 0.120773
81 0.842593 0.096825 0.064021 0.098413
81 0.855763 0.259087 0.036807 0.113297
81 0.747354 0.467057 0.066138 0.082514
81 0.820421 0.481230 0.085034 0.114638