44 0.232474 0.151124 0.058862 0.106481
40 0.287698 0.164683 0.056878 0.129630
42 0.340608 0.166997 0.054233 0.128968
41 0.396164 0.157738 0.052910 0.106481
54 0.448082 0.159061 0.049603 0.103836
42 0.501653 0.171296 0.049603 0.123016
56 0.567460 0.173942 0.078042 0.124339
55 0.633929 0.163690 0.050926 0.098545
13 0.684193 0.158730 0.044312 0.153439
12 0.733135 0.160714 0.041667 0.158730
9 0.778770 0.161376 0.041667 0.154762
8 0.838955 0.163690 0.065476 0.164683
37 0.248016 0.289021 0.060847 0.117725
38 0.308532 0.291997 0.064153 0.115741
39 0.407738 0.304233 0.132937 0.136243
81 0.537368 0.306878 0.117063 0.136243
81 0.675926 0.312500 0.149471 0.121032
81 0.807387 0.315934 0.098698 0.129223
45 0.490435 0.473647 0.071225 0.117013
50 0.348494 0.463980 0.055963 0.140415
46 0.413943 0.471911 0.071584 0.125272
4 0.555167 0.487862 0.044351 0.088702
0 0.618581 0.471522 0.068472 0.119826
1 0.694833 0.469577 0.066916 0.122160
48 0.245098 0.470744 0.057579 0.126050
48 0.298397 0.469577 0.050576 0.125272
95 0.608466 0.637493 0.124927 0.116843
81 0.514403 0.629777 0.063198 0.141093
81 0.468842 0.643004 0.038213 0.110229
81 0.395723 0.642637 0.102146 0.118313
81 0.285126 0.641167 0.116108 0.118313
81 0.695914 0.639330 0.042622 0.113169
81 0.693710 0.782628 0.076426 0.091123
51 0.464065 0.788139 0.072751 0.081570
31 0.537919 0.787404 0.077895 0.080100
36 0.616549 0.782260 0.076426 0.084509
37 0.284024 0.770503 0.102146 0.060994