84 0.252646 0.736442 0.035714 0.019180
84 0.601521 0.733135 0.028439 0.017857
84 0.714947 0.731812 0.027778 0.020503
84 0.749339 0.445767 0.030423 0.018519
40 0.216931 0.617063 0.166667 0.269841
44 0.383929 0.595569 0.166005 0.217593
44 0.546296 0.604828 0.158730 0.279762
43 0.700728 0.616071 0.156746 0.263889
81 0.829365 0.596230 0.091270 0.220238
81 0.716931 0.402116 0.156085 0.116402
81 0.558201 0.340608 0.154762 0.167989
81 0.387897 0.380291 0.179233 0.089947
39 0.239749 0.883929 0.196429 0.205688
37 0.434193 0.882275 0.185847 0.211640
38 0.624669 0.876323 0.189815 0.210317
45 0.797619 0.861772 0.152116 0.197090
84 0.747722 0.153586 0.030129 0.016167
81 0.752131 0.107290 0.207966 0.114638
81 0.560700 0.073486 0.167549 0.114638
81 0.396825 0.089653 0.160200 0.079365