87 0.463365 0.514151 0.617925 0.971698
21 0.561812 0.272209 0.034395 0.214230
21 0.596207 0.258451 0.036360 0.186714
26 0.487127 0.304638 0.050118 0.208333
12 0.411458 0.294811 0.046187 0.208333
13 0.365271 0.308078 0.038325 0.240763
17 0.319084 0.336576 0.087461 0.272209
11 0.378046 0.538522 0.089426 0.149371
23 0.459611 0.515920 0.050118 0.163129
23 0.509729 0.498722 0.042256 0.150354
27 0.553459 0.472189 0.064858 0.134631
8 0.407036 0.751081 0.047170 0.114976
8 0.438483 0.735358 0.047170 0.118907
7 0.475334 0.704403 0.056014 0.121855
17 0.523978 0.681309 0.037343 0.132665
17 0.551985 0.666077 0.034395 0.123821