87 0.554560 0.485063 0.385220 0.970126
14 0.412192 0.189889 0.106434 0.297533
14 0.503508 0.192308 0.088292 0.280600
15 0.590590 0.193517 0.056846 0.280600
15 0.682511 0.183237 0.076197 0.279390
27 0.418239 0.555878 0.101597 0.246734
27 0.505926 0.558902 0.097968 0.243106
7 0.591195 0.551040 0.096759 0.241896
7 0.679487 0.549226 0.084664 0.231011
8 0.660135 0.867320 0.062893 0.221335
8 0.589381 0.888486 0.059265 0.210450
12 0.508345 0.883648 0.056846 0.210450
12 0.423682 0.867320 0.073778 0.204403