87 0.491667 0.500000 0.438679 0.974843
20 0.350157 0.247642 0.105346 0.297170
20 0.356447 0.603774 0.077044 0.232704
26 0.431604 0.247642 0.060928 0.275157
9 0.527417 0.240271 0.067807 0.295794
8 0.628636 0.241745 0.057980 0.294811
22 0.610947 0.610751 0.063876 0.223074
15 0.521521 0.612225 0.059945 0.229953
23 0.445853 0.599941 0.050118 0.217178
16 0.381977 0.859178 0.063876 0.175904
17 0.454697 0.869988 0.048153 0.181800
18 0.521521 0.885220 0.056014 0.180818
18 0.600629 0.891116 0.053066 0.192610