55 0.754088 0.480818 0.080503 0.086164
55 0.833333 0.483648 0.076730 0.086792
45 0.738679 0.623585 0.071069 0.096226
45 0.816667 0.624528 0.073585 0.101887
48 0.750943 0.751572 0.083019 0.096855
48 0.832075 0.752830 0.075472 0.094340
40 0.755722 0.331761 0.074686 0.089972
44 0.835430 0.332635 0.075996 0.089972
4 0.770239 0.191663 0.017336 0.054024
4 0.792816 0.192872 0.018142 0.054830
4 0.810756 0.193477 0.018545 0.056846
4 0.832124 0.193678 0.018545 0.054830
4 0.854096 0.195090 0.021368 0.056846
18 0.706866 0.308753 0.022537 0.107442
18 0.687474 0.307442 0.020440 0.109015
12 0.668344 0.308229 0.022013 0.106394
12 0.646593 0.306918 0.018344 0.109015
12 0.628249 0.305870 0.017296 0.111111
12 0.609120 0.306394 0.020964 0.112159
9 0.585273 0.304298 0.021488 0.111111
9 0.561950 0.305870 0.017820 0.112159
8 0.542296 0.302463 0.021488 0.105346
8 0.520283 0.304036 0.023585 0.110587
8 0.500105 0.303249 0.020964 0.106918
8 0.480451 0.301677 0.021488 0.111111
7 0.450577 0.301939 0.039308 0.108491
19 0.418082 0.300629 0.020440 0.113208
19 0.396855 0.302463 0.017820 0.110587
22 0.374581 0.299581 0.021488 0.110063
22 0.353616 0.300891 0.022537 0.109539
23 0.334486 0.298795 0.025157 0.107442
23 0.312212 0.298532 0.019392 0.109015
26 0.294654 0.302725 0.015723 0.109015
26 0.274738 0.299319 0.023061 0.114780
21 0.277053 0.442101 0.023585 0.107288
21 0.302026 0.442795 0.026360 0.109600
24 0.330235 0.443026 0.030984 0.105438
14 0.363762 0.442101 0.038846 0.107288
5 0.235369 0.145440 0.040618 0.114430
5 0.272056 0.151555 0.033630 0.110063
5 0.306560 0.146314 0.038871 0.112683
24 0.342156 0.152428 0.036688 0.114430
7 0.384958 0.152428 0.039308 0.110936
26 0.417060 0.151773 0.023148 0.112247
26 0.440536 0.151118 0.020311 0.113557
19 0.505503 0.153739 0.024458 0.118798
19 0.529088 0.153302 0.020964 0.117051
26 0.551363 0.155922 0.020964 0.111810
26 0.571235 0.158543 0.020528 0.110063
22 0.640680 0.156359 0.019654 0.108316
22 0.661644 0.160072 0.016160 0.110500
81 0.679308 0.450000 0.027044 0.105031
81 0.650377 0.444969 0.027044 0.106289
81 0.626792 0.445912 0.032704 0.110692
81 0.598805 0.445912 0.029560 0.109434
81 0.573648 0.442138 0.023270 0.113208
81 0.544403 0.447484 0.032704 0.106289
81 0.504780 0.444025 0.032704 0.108176
81 0.472075 0.441509 0.032704 0.108176
81 0.733711 0.163836 0.038994 0.110063
81 0.693459 0.161950 0.032704 0.110063
81 0.604780 0.158491 0.033962 0.110692
81 0.473333 0.158176 0.035220 0.107547
81 0.672415 0.595568 0.032921 0.090900
81 0.635564 0.594094 0.033903 0.089917
81 0.605100 0.594585 0.023094 0.090900
81 0.569477 0.593603 0.039308 0.090900
81 0.529186 0.598762 0.037343 0.087461
81 0.495037 0.590409 0.017197 0.103184
81 0.416667 0.588689 0.017689 0.105641
81 0.431653 0.592129 0.016215 0.100727
81 0.448359 0.589426 0.014249 0.108097
81 0.462362 0.590409 0.017689 0.108097
81 0.384974 0.589672 0.018180 0.109572
81 0.368514 0.590654 0.016706 0.110554
81 0.311763 0.589672 0.095814 0.108589