81 0.243239 0.453616 0.124214 0.136792
81 0.313994 0.625786 0.146226 0.157233
81 0.181132 0.662736 0.110063 0.171384
81 0.405189 0.527516 0.051887 0.061321
81 0.470440 0.521226 0.034591 0.064465
81 0.532547 0.515723 0.048742 0.056604
81 0.585220 0.515723 0.040881 0.062893
81 0.641824 0.511006 0.053459 0.062893
81 0.683491 0.502358 0.036164 0.058176
81 0.732233 0.504717 0.048742 0.044025
81 0.791981 0.470912 0.045597 0.121069
81 0.445283 0.647799 0.094340 0.062893
81 0.562421 0.633648 0.111635 0.059748
81 0.658333 0.616352 0.070755 0.062893
81 0.733019 0.599057 0.075472 0.050314
81 0.807704 0.595126 0.077044 0.045597
81 0.209434 0.852201 0.128931 0.169811
81 0.354088 0.823113 0.110063 0.158805
81 0.468868 0.797170 0.081761 0.125786
81 0.567924 0.757862 0.084906 0.100629
81 0.659906 0.759434 0.083333 0.081761
81 0.739308 0.726415 0.062893 0.106918
92 0.212627 0.230406 0.106434 0.257620
92 0.330552 0.232221 0.110063 0.251572
92 0.427310 0.253387 0.088292 0.228592
94 0.514998 0.266086 0.084664 0.212869
91 0.635946 0.295114 0.072569 0.169328
91 0.721214 0.290276 0.068940 0.176584
91 0.775036 0.304790 0.055636 0.164490
91 0.829463 0.310232 0.055636 0.156023