84 0.722556 0.385577 0.020011 0.016438
84 0.531018 0.385577 0.017153 0.010720
84 0.346627 0.377716 0.014294 0.010720
84 0.326615 0.493854 0.014294 0.011435
84 0.562107 0.527444 0.019297 0.014294
84 0.593553 0.532090 0.015009 0.009291
84 0.571398 0.671455 0.020726 0.012150
84 0.403445 0.631075 0.015009 0.012864
84 0.286592 0.604631 0.014294 0.008576
84 0.549242 0.784162 0.020726 0.014294
84 0.400229 0.734848 0.017153 0.011435
84 0.302673 0.700186 0.016438 0.012150
84 0.470626 0.887436 0.017867 0.015009
84 0.333405 0.833476 0.017867 0.012864
84 0.592124 0.941395 0.015009 0.014294
71 0.793553 0.225629 0.158805 0.353774
71 0.672484 0.221698 0.114780 0.279874
74 0.559277 0.249214 0.095912 0.297170
74 0.465723 0.241352 0.081761 0.268868
73 0.388679 0.261792 0.100629 0.265723
73 0.315566 0.262579 0.080189 0.248428
73 0.249528 0.253931 0.061321 0.218553
73 0.185849 0.259434 0.062893 0.226415
79 0.648113 0.496855 0.185535 0.138365
79 0.478302 0.602201 0.135220 0.122642
77 0.677987 0.640723 0.229560 0.139937
75 0.230660 0.450472 0.102201 0.073899
75 0.233805 0.562107 0.105346 0.092767
78 0.341509 0.464623 0.122642 0.080189
78 0.346226 0.581761 0.119497 0.106918