4 0.569986 0.423581 0.026455 0.120851
4 0.603956 0.407648 0.027056 0.087783
0 0.648463 0.377614 0.053540 0.137944
1 0.706727 0.374465 0.054170 0.139204
2 0.770975 0.357773 0.064248 0.165029
81 0.840892 0.355568 0.069287 0.166919
81 0.845301 0.142668 0.054170 0.165659
81 0.776014 0.146133 0.061728 0.168808
81 0.710191 0.163139 0.054800 0.136054
81 0.593663 0.154321 0.061099 0.153691
81 0.619803 0.589254 0.152431 0.178256
81 0.640031 0.795455 0.153319 0.137085
81 0.798160 0.787939 0.149711 0.134079
81 0.769300 0.599146 0.134079 0.072751
84 0.551948 0.662578 0.016835 0.012025
84 0.676407 0.656566 0.016835 0.012025
84 0.561869 0.466570 0.015031 0.014430
84 0.854377 0.454846 0.020443 0.013829
14 0.498737 0.669793 0.060726 0.162338
14 0.436207 0.678511 0.057119 0.154521
15 0.385101 0.659271 0.041486 0.177369
15 0.343013 0.677910 0.034271 0.165344
7 0.298220 0.686929 0.066138 0.138889
7 0.226671 0.683021 0.067340 0.143098
8 0.174663 0.678511 0.045094 0.159331
8 0.140392 0.688733 0.033069 0.142496
84 0.151215 0.847463 0.021044 0.012626
84 0.239899 0.840248 0.020443 0.011424
84 0.521886 0.826118 0.014430 0.012025
5 0.173461 0.913600 0.075156 0.159331
5 0.245310 0.910895 0.067340 0.162338
16 0.513468 0.888648 0.052910 0.155123
16 0.467773 0.895262 0.042088 0.167148
17 0.418771 0.898870 0.041486 0.165945
17 0.379389 0.894962 0.039683 0.153319
17 0.338203 0.899772 0.040284 0.161736