71 0.791910 0.320245 0.082846 0.172654
71 0.711501 0.324422 0.075188 0.167084
71 0.632136 0.329992 0.071011 0.160123
71 0.557296 0.342871 0.061960 0.171958
84 0.556064 0.423620 0.022046 0.014245
74 0.492252 0.342971 0.061413 0.148337
74 0.424225 0.346514 0.056689 0.142196
73 0.364938 0.351474 0.055272 0.138889
73 0.307776 0.355489 0.050548 0.137472
73 0.256992 0.359505 0.048186 0.131330
92 0.205499 0.363048 0.044407 0.129913
92 0.156604 0.365646 0.043934 0.128496
95 0.776896 0.560847 0.104056 0.111111
84 0.658183 0.620553 0.021894 0.014140
84 0.500821 0.612343 0.018245 0.014140
84 0.429894 0.607781 0.015964 0.014140
84 0.348248 0.603448 0.020525 0.011859
84 0.293286 0.603448 0.014596 0.012771
84 0.231253 0.598659 0.015508 0.013228
84 0.178115 0.597519 0.015052 0.010035
56 0.184796 0.531824 0.061469 0.134609
41 0.242764 0.532991 0.056022 0.146281
44 0.302677 0.561002 0.066916 0.099595
33 0.362979 0.571117 0.055244 0.077809
33 0.426782 0.577342 0.067694 0.082477
40 0.582011 0.545051 0.076253 0.133053
81 0.671491 0.564115 0.094927 0.133831
81 0.502646 0.535714 0.063803 0.176626
84 0.403968 0.782804 0.020635 0.013228
84 0.551852 0.801852 0.023280 0.015344
84 0.691005 0.821693 0.023280 0.016931
79 0.426367 0.746914 0.097884 0.098765
92 0.689594 0.773810 0.105820 0.133157