84 0.639605 0.522487 0.034722 0.015432
84 0.771054 0.519731 0.029762 0.014330
84 0.500992 0.731096 0.028660 0.013779
84 0.752590 0.726962 0.030313 0.012125
84 0.558862 0.954586 0.028660 0.013228
84 0.451113 0.957892 0.025904 0.015432
84 0.764991 0.946594 0.030864 0.014881
81 0.276455 0.331349 0.116402 0.326720
81 0.396164 0.325397 0.107143 0.320106
81 0.511243 0.331349 0.104497 0.316138
81 0.628968 0.361111 0.104497 0.359788
81 0.753307 0.371032 0.096561 0.329365
81 0.845899 0.341270 0.064815 0.288360
81 0.201720 0.619048 0.075397 0.156085
81 0.289021 0.640653 0.078042 0.207231
81 0.378307 0.613757 0.087302 0.148148
81 0.480820 0.637566 0.085979 0.211640
81 0.567460 0.625000 0.079365 0.123016
81 0.662037 0.625661 0.091270 0.119048
81 0.736111 0.857143 0.138889 0.214286
81 0.567460 0.867725 0.092593 0.216931
81 0.457011 0.880291 0.088624 0.183862
84 0.336420 0.962522 0.039683 0.014991
84 0.203263 0.969136 0.034392 0.015873
81 0.232804 0.869489 0.104056 0.232804
81 0.344356 0.872575 0.082011 0.214286
84 0.304674 0.735891 0.032628 0.014991