86 0.504455 0.264675 0.757338 0.057652
86 0.618449 0.595519 0.511006 0.048480
86 0.586347 0.907626 0.567348 0.048480
84 0.732704 0.312756 0.032814 0.018458
84 0.660582 0.644654 0.028028 0.023243
84 0.526251 0.959188 0.028712 0.019825
84 0.224433 0.667282 0.026661 0.018458
84 0.238694 0.317835 0.047919 0.027703
55 0.217982 0.203688 0.192967 0.270154
56 0.410949 0.152230 0.207261 0.175815
39 0.631790 0.190109 0.248714 0.277301
37 0.809034 0.160091 0.128645 0.177244
46 0.656089 0.509577 0.202973 0.304460
46 0.444540 0.472413 0.208691 0.207261
53 0.604631 0.851487 0.205832 0.241567
53 0.399514 0.814322 0.207261 0.152945
34 0.783305 0.787164 0.160091 0.147227