84 0.153018 0.661977 0.035474 0.013228
84 0.325878 0.659873 0.036075 0.015031
84 0.453644 0.650854 0.036676 0.013829
84 0.581409 0.645443 0.037278 0.015031
84 0.758778 0.646044 0.036075 0.011424
4 0.908869 0.562865 0.074492 0.169173
4 0.835422 0.565650 0.061264 0.174742
4 0.766151 0.564606 0.060568 0.178223
4 0.688527 0.538847 0.055695 0.109997
4 0.624826 0.571220 0.053606 0.176135
0 0.546157 0.518658 0.102339 0.275689
1 0.420148 0.520398 0.106516 0.280563
2 0.283347 0.498816 0.126706 0.334865
3 0.147591 0.500905 0.128098 0.340434
81 0.395999 0.844081 0.281085 0.061177
81 0.675017 0.843667 0.280258 0.076885
81 0.903191 0.801505 0.190972 0.139716