87 0.395503 0.587963 0.166667 0.395503
87 0.691138 0.651455 0.212963 0.530423
84 0.352891 0.495559 0.020786 0.016062
84 0.416903 0.492252 0.022203 0.014172
84 0.351238 0.635865 0.022203 0.016062
84 0.383834 0.640590 0.019369 0.017952
84 0.414777 0.642243 0.018896 0.018424
84 0.448791 0.637519 0.018896 0.015590
84 0.609606 0.460910 0.017789 0.014140
84 0.643359 0.460226 0.017789 0.017333
84 0.685550 0.455665 0.022806 0.018245
84 0.722040 0.452016 0.024631 0.016420
84 0.616024 0.609033 0.023432 0.013983
84 0.652683 0.608466 0.021920 0.015117
84 0.683107 0.603175 0.019274 0.015117
84 0.725057 0.598450 0.023054 0.014739
84 0.622951 0.754216 0.021672 0.012354
84 0.651172 0.746599 0.016629 0.011716
84 0.687075 0.747354 0.020408 0.013983
84 0.723297 0.745348 0.020291 0.011950
17 0.346196 0.547573 0.036490 0.140029
17 0.378809 0.560345 0.026911 0.117223
18 0.414386 0.549170 0.031472 0.134100
18 0.449051 0.563082 0.024174 0.109013
16 0.344600 0.698321 0.033297 0.147783
23 0.377668 0.697637 0.026455 0.144590
11 0.411193 0.702427 0.037858 0.148695
15 0.449279 0.696269 0.025543 0.149152
20 0.613027 0.522487 0.030104 0.143678
24 0.649060 0.517469 0.040139 0.142766
23 0.686462 0.514505 0.036490 0.142310
14 0.728197 0.514961 0.046068 0.147783
8 0.617816 0.669586 0.031472 0.143222
7 0.653622 0.669130 0.039226 0.143222
15 0.693532 0.667533 0.033297 0.150976
14 0.730250 0.661148 0.041963 0.148239
9 0.620097 0.822614 0.030560 0.158274
11 0.659551 0.826948 0.031928 0.174238
12 0.693988 0.820790 0.029648 0.163747
12 0.731846 0.818281 0.041507 0.160555