84 0.562744 0.395100 0.028180 0.016103
84 0.725500 0.398263 0.028180 0.014378
84 0.847711 0.402001 0.024155 0.013803
84 0.416921 0.382326 0.022894 0.012719
84 0.273453 0.739469 0.025946 0.016789
84 0.649166 0.743539 0.032560 0.016789
84 0.851648 0.750153 0.029508 0.012719
84 0.757784 0.931777 0.021876 0.022894
84 0.490181 0.931777 0.023911 0.017806
84 0.214693 0.933812 0.023403 0.013736
84 0.171449 0.560643 0.031543 0.018315
84 0.254630 0.561661 0.020859 0.013228
84 0.337810 0.562424 0.030525 0.016789
84 0.401913 0.559626 0.022385 0.014245
84 0.465252 0.564459 0.027981 0.012719
84 0.529609 0.562932 0.029508 0.015771
84 0.711233 0.562678 0.028490 0.017298
81 0.853909 0.318195 0.038213 0.198413
81 0.798795 0.299089 0.069077 0.161670
81 0.728983 0.314153 0.060259 0.190329
81 0.426587 0.311214 0.050705 0.165344
81 0.364491 0.303131 0.055850 0.134480
81 0.304233 0.300191 0.057319 0.138889
81 0.241402 0.299456 0.053645 0.134480
81 0.177102 0.299089 0.054380 0.132275
81 0.794753 0.494929 0.142196 0.103616
81 0.682319 0.515873 0.083774 0.133377
81 0.601025 0.495481 0.075507 0.098104
81 0.530478 0.510913 0.051257 0.127866
81 0.471230 0.510086 0.052910 0.130622
81 0.413360 0.507330 0.054012 0.127315
81 0.354387 0.507330 0.058422 0.128417
81 0.275022 0.494654 0.089286 0.151565
81 0.178847 0.493827 0.083223 0.154321
81 0.287974 0.688933 0.181327 0.123457
81 0.472332 0.677634 0.175265 0.082121
81 0.648699 0.700783 0.168651 0.109678
81 0.804949 0.705467 0.133929 0.115741
0 0.486968 0.303743 0.058789 0.143053
0 0.551146 0.315501 0.061728 0.179306
1 0.611650 0.305947 0.053400 0.137664
1 0.668479 0.306927 0.054380 0.138644
81 0.853505 0.317460 0.042989 0.198413
81 0.795966 0.300595 0.066799 0.164683