40 0.208730 0.424339 0.074603 0.081481
40 0.284127 0.421429 0.075132 0.089418
43 0.363492 0.421164 0.074074 0.082540
41 0.440476 0.422487 0.073545 0.083069
42 0.520899 0.423016 0.078836 0.086243
56 0.601852 0.423016 0.080952 0.089418
55 0.686772 0.423280 0.081481 0.086772
95 0.209121 0.339506 0.074326 0.065508
39 0.214475 0.530675 0.088813 0.096372
37 0.305493 0.530675 0.085664 0.103930
38 0.397455 0.528786 0.085664 0.105190
45 0.483434 0.538864 0.081255 0.083774
49 0.577286 0.534140 0.106450 0.093222
46 0.678382 0.542013 0.093222 0.085034
50 0.313051 0.624843 0.090703 0.051650
50 0.409423 0.635865 0.095742 0.063618
46 0.501071 0.638070 0.082514 0.060469
47 0.588939 0.640590 0.086924 0.065508
48 0.676178 0.640905 0.088813 0.062358
34 0.384543 0.331003 0.063618 0.044722
36 0.456979 0.333522 0.077475 0.076216
53 0.531305 0.331318 0.074956 0.078105
53 0.610670 0.333207 0.079995 0.075586
46 0.687516 0.320610 0.079995 0.057949
5 0.711346 0.206864 0.035273 0.124927
21 0.684708 0.196943 0.023148 0.110964
21 0.664315 0.197494 0.019841 0.110597
20 0.638595 0.205761 0.030864 0.133745
24 0.602770 0.205394 0.035641 0.133010
26 0.549126 0.196576 0.020944 0.114638
26 0.571171 0.196392 0.022413 0.117210
27 0.522073 0.195726 0.033896 0.114501
23 0.494172 0.198413 0.026042 0.114087
23 0.471644 0.200273 0.020668 0.112021
14 0.444982 0.197379 0.040096 0.119461
15 0.413153 0.202133 0.022735 0.108300
7 0.366182 0.204806 0.041005 0.098325
9 0.332231 0.202381 0.021605 0.109347
11 0.281526 0.202160 0.046296 0.100970
12 0.248016 0.204365 0.022487 0.111552
13 0.227293 0.205467 0.022487 0.104938
17 0.212963 0.207451 0.015873 0.100088
17 0.191578 0.207672 0.018959 0.104938
32 0.313811 0.307882 0.066594 0.017333
33 0.314952 0.335477 0.070699 0.036946
33 0.261814 0.318144 0.032841 0.072523
81 0.224206 0.614418 0.081570 0.058642
81 0.672178 0.722002 0.078924 0.079806
81 0.591490 0.729497 0.076279 0.055996
81 0.513007 0.728395 0.076279 0.056437
81 0.435626 0.725529 0.071429 0.058642
81 0.356041 0.721340 0.070988 0.053792
81 0.282407 0.719577 0.066578 0.051146
81 0.210758 0.712963 0.067019 0.056437
81 0.662409 0.830233 0.098793 0.061591
81 0.572917 0.828373 0.070271 0.060351
81 0.502025 0.818659 0.072338 0.077298
81 0.425141 0.814732 0.073165 0.077712
81 0.576017 0.955688 0.100446 0.077712
81 0.469577 0.959821 0.102513 0.065311
81 0.675017 0.959615 0.082672 0.078125