81 0.591774 0.215574 0.149785 0.100132
81 0.768868 0.215161 0.189507 0.100960
81 0.842519 0.702582 0.067031 0.114201
81 0.750248 0.707133 0.109235 0.108408
81 0.636875 0.717795 0.105925 0.141318
81 0.522261 0.723175 0.124959 0.130560
81 0.394876 0.724061 0.113260 0.130677
81 0.280205 0.729972 0.104270 0.116019
96 0.245370 0.372024 0.130952 0.154101
56 0.368717 0.370040 0.132937 0.163360
55 0.491402 0.367394 0.112434 0.163360
46 0.199735 0.563823 0.126984 0.128968
46 0.321098 0.564815 0.128968 0.133598
50 0.460317 0.552579 0.150794 0.154101
48 0.595238 0.553902 0.126984 0.147487
38 0.613757 0.408730 0.111111 0.078042
84 0.263605 0.435563 0.012283 0.010393
84 0.375803 0.434854 0.017479 0.011810
84 0.514692 0.437217 0.020314 0.012755
84 0.602088 0.425406 0.019369 0.011810
84 0.480206 0.615552 0.014645 0.012283
84 0.584845 0.618859 0.012283 0.012283
84 0.360922 0.616733 0.016062 0.008976
84 0.206444 0.616497 0.018896 0.012283
84 0.277305 0.776172 0.014172 0.009448
84 0.344624 0.777116 0.011810 0.010393
84 0.481387 0.773337 0.014172 0.009448
84 0.603033 0.775699 0.017479 0.008503
84 0.753542 0.422214 0.014508 0.008961
84 0.750768 0.613586 0.013228 0.009387
84 0.822026 0.612946 0.015788 0.010667
47 0.725806 0.557476 0.126301 0.148916
33 0.833547 0.545742 0.083205 0.159584
37 0.773234 0.391649 0.148953 0.086266