73 0.842593 0.088624 0.066138 0.171958
73 0.740741 0.092593 0.124339 0.179894
73 0.609127 0.114418 0.133598 0.220899
74 0.458995 0.094577 0.126984 0.189153
70 0.322751 0.097222 0.124339 0.189153
70 0.189153 0.116402 0.119048 0.224868
84 0.837037 0.203439 0.039153 0.025926
84 0.581746 0.207672 0.050265 0.026984
84 0.205415 0.214364 0.042017 0.024121
84 0.335745 0.445067 0.049020 0.023343
84 0.507314 0.443122 0.046685 0.024121
84 0.352633 0.647246 0.046296 0.030664
84 0.652056 0.680315 0.045094 0.028259
84 0.827621 0.674904 0.040284 0.027056
84 0.253728 0.885943 0.038480 0.033069
84 0.728415 0.884740 0.048701 0.031866
3 0.281085 0.330026 0.076720 0.193122
3 0.199074 0.327050 0.079365 0.192460
2 0.360780 0.347884 0.093254 0.231481
0 0.443783 0.336971 0.068783 0.169974
0 0.511243 0.356481 0.064815 0.208995
1 0.580026 0.334325 0.060847 0.164683
1 0.640873 0.333003 0.054233 0.164683
81 0.663360 0.614418 0.170635 0.160053
81 0.815476 0.617063 0.120370 0.165344
81 0.718254 0.318122 0.079365 0.197090
81 0.799603 0.313492 0.078042 0.201058
81 0.860450 0.320767 0.035714 0.183862
81 0.137566 0.357804 0.031746 0.149471
81 0.208333 0.566138 0.085979 0.111111
81 0.301587 0.565476 0.095238 0.123016
81 0.396164 0.570767 0.085979 0.112434
81 0.498016 0.577381 0.091270 0.123016
81 0.472884 0.795635 0.183862 0.130952
81 0.716931 0.815476 0.314815 0.178571
81 0.228175 0.837302 0.101852 0.145503
81 0.329365 0.789021 0.100529 0.144180