84 0.250378 0.120465 0.013228 0.008503
84 0.378874 0.121882 0.016062 0.008503
84 0.254630 0.250142 0.017952 0.006141
84 0.381000 0.250142 0.016534 0.008976
84 0.501464 0.252740 0.017479 0.008503
84 0.629015 0.252268 0.015590 0.007559
84 0.262188 0.390920 0.018896 0.008031
84 0.507842 0.392101 0.017952 0.008503
84 0.612954 0.392574 0.015590 0.009448
84 0.270455 0.540675 0.016534 0.009921
84 0.513747 0.539494 0.016534 0.008503
84 0.608702 0.539494 0.017479 0.009448
84 0.521542 0.680036 0.016062 0.008031
84 0.277542 0.681217 0.017479 0.008503
84 0.614607 0.678382 0.015117 0.009448
84 0.609174 0.829554 0.020314 0.008503
84 0.505401 0.829843 0.015800 0.006246
84 0.279615 0.834068 0.016902 0.007349
84 0.735345 0.646234 0.013576 0.007310
84 0.739696 0.508041 0.016708 0.008006
2 0.508818 0.761243 0.052028 0.149471
2 0.563051 0.751323 0.051146 0.129630
3 0.614198 0.763448 0.045855 0.147707
3 0.664242 0.753527 0.049824 0.123457
3 0.513067 0.330287 0.046497 0.141895
3 0.564775 0.317260 0.044893 0.119849
1 0.503648 0.196409 0.038881 0.124258
1 0.544733 0.186187 0.039282 0.103816
1 0.585418 0.185185 0.035674 0.105018
0 0.628908 0.197010 0.039282 0.123056
0 0.668791 0.185987 0.035674 0.101812
0 0.704465 0.186187 0.030063 0.100609
4 0.243317 0.084412 0.026455 0.090852
4 0.267857 0.072751 0.021930 0.066834
4 0.293094 0.070315 0.024366 0.068922
4 0.317634 0.072577 0.021930 0.068574
4 0.342697 0.072751 0.019841 0.067530
81 0.403439 0.088415 0.091896 0.081454
81 0.498642 0.079713 0.092941 0.059872
81 0.592975 0.080757 0.095029 0.060568
81 0.686960 0.079887 0.089460 0.060220
81 0.252976 0.195933 0.042989 0.118221
81 0.296586 0.185805 0.040096 0.102100
81 0.336888 0.186012 0.038029 0.100033
81 0.381531 0.199653 0.038856 0.123181
81 0.423487 0.189319 0.035962 0.100033
81 0.461723 0.188285 0.034722 0.097966
81 0.777943 0.463790 0.115741 0.107474
81 0.782077 0.381944 0.122354 0.029762
81 0.273369 0.622638 0.042832 0.127866
81 0.313996 0.614135 0.035903 0.108340
81 0.354308 0.611300 0.040942 0.107710
81 0.394306 0.612245 0.035273 0.112119
81 0.432099 0.610040 0.037793 0.112749
81 0.470836 0.609725 0.035903 0.112119
81 0.518707 0.621693 0.042202 0.138574
81 0.599332 0.620118 0.047241 0.139204
81 0.644999 0.608151 0.044092 0.114009
81 0.690035 0.605946 0.042202 0.115898
81 0.765956 0.599372 0.104993 0.110780
81 0.287698 0.775050 0.059524 0.138062
81 0.347222 0.761409 0.057870 0.117394
81 0.404266 0.757688 0.052910 0.121528
81 0.459656 0.756448 0.049603 0.125661
81 0.268875 0.481787 0.042226 0.142450
81 0.307540 0.468814 0.035104 0.112434
81 0.348494 0.467796 0.040700 0.116504
81 0.388940 0.466270 0.037139 0.112434
81 0.429894 0.468050 0.037648 0.110908
81 0.466779 0.468050 0.035104 0.111925
81 0.513584 0.478734 0.052401 0.134310
81 0.591104 0.479773 0.049052 0.139440
81 0.638779 0.464892 0.041887 0.110780
81 0.685351 0.464892 0.044643 0.117394
81 0.617284 0.332066 0.044092 0.135031
81 0.663856 0.319114 0.044643 0.112434
81 0.702712 0.318011 0.028660 0.114638
81 0.262661 0.327381 0.038738 0.136999
81 0.305414 0.318878 0.039210 0.119992
81 0.346986 0.318641 0.040155 0.118575
81 0.387850 0.320531 0.037793 0.115741
81 0.428713 0.317933 0.040155 0.119048
81 0.469104 0.319586 0.038738 0.121410
81 0.629850 0.927028 0.040123 0.109788
81 0.587743 0.924824 0.042328 0.112434
81 0.548060 0.927910 0.038801 0.110670
81 0.503748 0.927249 0.045414 0.109347
81 0.453924 0.923501 0.048942 0.122134
81 0.401896 0.923942 0.047178 0.117725
81 0.346340 0.924603 0.050705 0.120811
81 0.290123 0.925485 0.052910 0.120811