84 0.480051 0.419123 0.028498 0.016706
84 0.755995 0.415537 0.024568 0.013267
84 0.849745 0.648192 0.019654 0.011792
84 0.405071 0.663424 0.020637 0.012775
84 0.226710 0.668092 0.027516 0.012284
84 0.562131 0.949161 0.022870 0.012864
84 0.741995 0.938441 0.018582 0.011435
84 0.844435 0.935344 0.022394 0.011912
45 0.547484 0.287736 0.176101 0.283019
45 0.377673 0.267296 0.182390 0.232704
46 0.733019 0.290881 0.191824 0.279874
48 0.421698 0.561321 0.176101 0.226415
47 0.586792 0.536164 0.160377 0.179245
47 0.745597 0.540094 0.166667 0.174528
45 0.270755 0.824686 0.110063 0.215409
45 0.382390 0.817610 0.103774 0.213836
36 0.497170 0.813679 0.119497 0.196541
36 0.610377 0.843553 0.132075 0.246855
53 0.731447 0.830975 0.125786 0.227987