87 0.436508 0.490079 0.309524 0.832011
84 0.529730 0.232499 0.025195 0.015263
84 0.358055 0.249498 0.019157 0.010947
84 0.378352 0.473226 0.017789 0.010491
84 0.501961 0.475962 0.019613 0.012315
84 0.486196 0.706485 0.021368 0.012210
84 0.356804 0.689018 0.023063 0.009158
5 0.327223 0.345805 0.049761 0.156211
5 0.376039 0.324074 0.059209 0.204712
27 0.441862 0.345805 0.051020 0.165029
27 0.514613 0.320610 0.059209 0.212900
24 0.339821 0.569728 0.058579 0.154321
24 0.397140 0.552406 0.063618 0.197783
14 0.464853 0.578231 0.055430 0.157470
14 0.520912 0.559965 0.060469 0.200302
7 0.339821 0.766881 0.052280 0.183296
7 0.401864 0.791761 0.054170 0.139834
11 0.463278 0.781998 0.062358 0.187075
11 0.521227 0.810343 0.067397 0.146762