84 0.159485 0.190422 0.027622 0.013174
84 0.409145 0.199133 0.034846 0.014448
84 0.833886 0.516361 0.025072 0.012324
84 0.711712 0.511474 0.029747 0.011899
84 0.395971 0.505949 0.032296 0.017848
84 0.229815 0.502975 0.029747 0.015298
84 0.262536 0.791093 0.028897 0.013599
84 0.453128 0.791093 0.030172 0.013599
84 0.612910 0.791518 0.029322 0.014448
84 0.707037 0.791305 0.029747 0.014023
4 0.168811 0.124357 0.045740 0.151515
4 0.212050 0.112564 0.037879 0.105060
4 0.257433 0.117210 0.038593 0.108634
4 0.136292 0.108991 0.020726 0.110778
1 0.316038 0.085763 0.068611 0.171526
1 0.390366 0.105775 0.074328 0.205832
1 0.454688 0.091481 0.060034 0.171527
3 0.535806 0.089694 0.087907 0.179388
3 0.624071 0.090766 0.081475 0.181532
2 0.713408 0.093625 0.072899 0.187250
2 0.804174 0.095412 0.090051 0.187965
44 0.234951 0.404874 0.154987 0.216757
43 0.397237 0.435759 0.158356 0.161725
41 0.551101 0.393082 0.151617 0.181941
42 0.706649 0.413859 0.148248 0.210018
56 0.259896 0.695305 0.151683 0.210018
38 0.424528 0.703200 0.177580 0.198853
37 0.602109 0.706437 0.175731 0.194229
39 0.777377 0.691176 0.174806 0.221051
45 0.252673 0.924528 0.158805 0.150943
38 0.410692 0.921384 0.163522 0.157232
50 0.582075 0.933962 0.179245 0.132075
34 0.743239 0.924528 0.143082 0.150943