84 0.240369 0.306300 0.015294 0.005787
84 0.271784 0.306300 0.011161 0.008267
84 0.294312 0.305886 0.010747 0.007440
84 0.318700 0.304439 0.016534 0.009507
84 0.391658 0.304853 0.011161 0.007027
84 0.417907 0.303613 0.014881 0.007854
84 0.464203 0.302373 0.015708 0.007027
84 0.504712 0.297826 0.014881 0.009507
84 0.547288 0.299066 0.014054 0.007854
84 0.621073 0.296379 0.018601 0.007440
84 0.299066 0.454489 0.014468 0.006200
84 0.340402 0.450976 0.016121 0.006614
84 0.431134 0.448909 0.014881 0.009094
84 0.519800 0.446842 0.013641 0.006614
84 0.606192 0.442295 0.016121 0.007440
84 0.258763 0.599165 0.017361 0.008681
84 0.432374 0.590071 0.019841 0.007854
84 0.565890 0.583251 0.017361 0.005787
84 0.647115 0.581391 0.015294 0.008681
84 0.270957 0.735987 0.014468 0.010334
84 0.400339 0.728547 0.015294 0.007854
84 0.493345 0.723173 0.014468 0.007854
84 0.605365 0.717799 0.016948 0.008681
84 0.326761 0.867229 0.013641 0.009094
84 0.424521 0.861028 0.019015 0.007440
84 0.586558 0.851728 0.014881 0.009507
81 0.277984 0.942667 0.048363 0.098793
81 0.323247 0.943907 0.047950 0.091353
81 0.362517 0.939360 0.049603 0.095486
81 0.623280 0.922487 0.041270 0.101058
81 0.581746 0.930952 0.031217 0.095767
81 0.544444 0.930952 0.034921 0.094709
81 0.498148 0.932804 0.039683 0.105820
81 0.456349 0.936772 0.037566 0.098942
81 0.413492 0.940212 0.037566 0.093122
81 0.271429 0.802910 0.032804 0.093651
81 0.323280 0.815079 0.056085 0.114815
81 0.375661 0.803439 0.042328 0.088360
81 0.414815 0.795503 0.030688 0.103175
81 0.444974 0.793915 0.025397 0.097884
81 0.474074 0.788624 0.025397 0.094709
81 0.500529 0.785979 0.024339 0.090476
81 0.526720 0.784656 0.025926 0.092063
81 0.555820 0.785450 0.024868 0.084127
81 0.587037 0.784127 0.019577 0.088889
81 0.619312 0.778571 0.029101 0.095767
81 0.638360 0.645503 0.026984 0.088889
81 0.608201 0.647884 0.017460 0.092593
81 0.589418 0.648148 0.016931 0.087831
81 0.564815 0.651058 0.025926 0.089418
81 0.538624 0.651323 0.022222 0.086772
81 0.507937 0.649206 0.027513 0.095238
81 0.477513 0.653175 0.028042 0.100000
81 0.259788 0.664815 0.021164 0.107407
81 0.279630 0.676455 0.029101 0.132804
81 0.306614 0.659524 0.021693 0.104233
81 0.326984 0.658466 0.016931 0.101058
81 0.349471 0.657407 0.018519 0.103175
81 0.371164 0.656085 0.021693 0.103704
81 0.391799 0.653704 0.020635 0.101058
81 0.441799 0.654233 0.037037 0.098942
81 0.412963 0.654233 0.018519 0.104233
5 0.552910 0.235450 0.035979 0.141799
5 0.588889 0.221429 0.039153 0.121164
19 0.619312 0.230688 0.024868 0.142857
19 0.641534 0.219577 0.018519 0.124868
13 0.425661 0.386508 0.032275 0.138095
13 0.449206 0.373545 0.027513 0.108995
13 0.473280 0.376720 0.019577 0.115344
13 0.494444 0.374868 0.023810 0.116931
12 0.518783 0.385714 0.024868 0.138624
12 0.538360 0.373280 0.022751 0.115873
12 0.563757 0.372222 0.022751 0.116931
12 0.584127 0.369841 0.017989 0.120635
15 0.608466 0.378307 0.021164 0.138624
14 0.627778 0.367989 0.015344 0.120106
15 0.656878 0.379894 0.033333 0.137566
7 0.254884 0.536732 0.053928 0.137363
7 0.302469 0.520062 0.044092 0.098325
7 0.347443 0.518078 0.044974 0.098765
7 0.391093 0.516314 0.042328 0.101411
11 0.434965 0.528880 0.045414 0.129189
11 0.480600 0.518519 0.044092 0.111993
11 0.524691 0.516755 0.043210 0.111993
27 0.566799 0.523589 0.040123 0.130071
27 0.603616 0.514991 0.034392 0.110229
14 0.652998 0.521825 0.059083 0.130952
9 0.243341 0.383370 0.025999 0.117223
9 0.265919 0.380861 0.016420 0.113118
9 0.289409 0.379493 0.026911 0.119504
9 0.305145 0.389299 0.031016 0.139117
8 0.335249 0.389071 0.025543 0.139573
8 0.358739 0.376528 0.025999 0.115399
8 0.379721 0.377896 0.023262 0.114486
8 0.399790 0.377896 0.015964 0.112662
21 0.417807 0.238323 0.021894 0.145503
21 0.441753 0.226236 0.019613 0.124977
21 0.471401 0.224412 0.036034 0.123153
81 0.229201 0.246305 0.036034 0.145047
81 0.255200 0.229657 0.026911 0.123609
81 0.287812 0.232394 0.026455 0.120872
81 0.318601 0.230569 0.031472 0.124521
81 0.353494 0.226692 0.028280 0.125889
81 0.388159 0.238095 0.033753 0.149608
81 0.522487 0.225294 0.023468 0.124595
81 0.499872 0.235322 0.017494 0.139529