84 0.596708 0.925191 0.036743 0.023516
84 0.803571 0.908657 0.028660 0.019841
84 0.333260 0.937316 0.034539 0.019841
84 0.153954 0.952381 0.033069 0.017637
84 0.144033 0.755805 0.036743 0.021311
84 0.374045 0.741108 0.030864 0.019841
84 0.510729 0.735229 0.036743 0.024250
84 0.741108 0.724574 0.027190 0.019106
84 0.832966 0.525794 0.036008 0.021311
84 0.715388 0.528366 0.037478 0.023516
84 0.574295 0.532407 0.038948 0.021311
84 0.429159 0.529835 0.042622 0.030864
84 0.300191 0.541593 0.034539 0.027925
84 0.191799 0.546737 0.038213 0.024985
84 0.720165 0.335464 0.032334 0.018372
84 0.840682 0.157628 0.035273 0.019841
84 0.699221 0.157628 0.041887 0.027190
84 0.574662 0.155423 0.036743 0.024250
84 0.496767 0.153586 0.038213 0.022046
84 0.430629 0.155056 0.039683 0.029394
84 0.378086 0.154688 0.038948 0.027190
84 0.330320 0.153954 0.031599 0.021311
84 0.287331 0.156158 0.027925 0.018372
84 0.241035 0.155056 0.033804 0.020576
84 0.164976 0.153219 0.028660 0.016902
49 0.507456 0.677008 0.177970 0.141895
46 0.673436 0.676548 0.164177 0.120604
46 0.809602 0.663321 0.134609 0.098817
40 0.580065 0.482804 0.134609 0.122160
43 0.715188 0.479798 0.135281 0.119048
41 0.827922 0.477694 0.096200 0.122054
47 0.654762 0.860450 0.152116 0.156085
47 0.508598 0.847884 0.154762 0.125661
48 0.800265 0.844577 0.149471 0.158730
81 0.732601 0.300672 0.284900 0.102768
81 0.205535 0.497558 0.085470 0.122100
81 0.296602 0.488400 0.068173 0.154660
81 0.412597 0.484330 0.102768 0.136345
81 0.374949 0.704619 0.072243 0.096663