84 0.226415 0.231241 0.024940 0.012470
84 0.356810 0.240187 0.021145 0.014097
84 0.486933 0.245879 0.020061 0.012470
84 0.644437 0.251030 0.017350 0.014097
84 0.805194 0.258350 0.020061 0.013555
84 0.836098 0.533507 0.016808 0.016265
84 0.656636 0.535133 0.017892 0.017350
84 0.443017 0.538658 0.021145 0.014639
84 0.162980 0.783995 0.021687 0.016265
84 0.353015 0.772338 0.018976 0.017892
84 0.423769 0.771254 0.018434 0.014639
84 0.519735 0.764476 0.018434 0.015181
84 0.654468 0.754717 0.021145 0.017350
84 0.746910 0.752277 0.017350 0.016808
84 0.446270 0.977825 0.020061 0.010301
84 0.575309 0.964541 0.018976 0.017350
95 0.467478 0.909053 0.126614 0.161370
95 0.577541 0.902019 0.106753 0.162198
81 0.695879 0.902433 0.119993 0.045515
81 0.810493 0.849057 0.095995 0.135717
81 0.823734 0.650861 0.062893 0.129924
81 0.685948 0.680652 0.191162 0.181231
81 0.539474 0.678583 0.047170 0.198610
81 0.478236 0.642585 0.045515 0.169646
81 0.426514 0.646723 0.043032 0.149785
81 0.361966 0.687686 0.049652 0.213505
81 0.245531 0.922294 0.108408 0.108408
53 0.254785 0.693533 0.148346 0.123735
32 0.350492 0.912360 0.101859 0.106645
39 0.232642 0.451824 0.157862 0.130818
19 0.329497 0.429811 0.035849 0.172327
19 0.359686 0.432642 0.035849 0.167925
19 0.392704 0.430126 0.041509 0.161635
19 0.428239 0.447421 0.045912 0.197484
19 0.460943 0.429811 0.029560 0.163522
19 0.494277 0.430440 0.030818 0.158491
22 0.524780 0.431069 0.031447 0.162264
22 0.553082 0.430755 0.031447 0.160377
22 0.586101 0.428553 0.028302 0.163522
22 0.618176 0.436101 0.030818 0.164780
22 0.649937 0.448679 0.038994 0.198742
22 0.671950 0.430440 0.023899 0.155975
22 0.698994 0.434528 0.036478 0.145283
22 0.726038 0.434843 0.033962 0.147170
22 0.752767 0.430755 0.024528 0.154088
22 0.779182 0.433270 0.029560 0.151572
21 0.810314 0.433585 0.028931 0.154717
21 0.838931 0.451195 0.030818 0.184906
21 0.861887 0.433899 0.025157 0.149057
42 0.222688 0.165677 0.143256 0.151992
54 0.361577 0.172956 0.141509 0.147915
13 0.448055 0.127242 0.032611 0.191591
13 0.480375 0.152283 0.037852 0.216049
13 0.512695 0.128989 0.031447 0.184603
13 0.546762 0.134812 0.029700 0.176450
9 0.574423 0.138307 0.023294 0.176450
9 0.604414 0.137724 0.028535 0.178779
9 0.637025 0.140345 0.028535 0.175868
9 0.657990 0.161309 0.046005 0.202655
9 0.693804 0.147042 0.030282 0.162474
9 0.724668 0.151118 0.030282 0.168297
15 0.756697 0.149080 0.026788 0.167715
15 0.786688 0.150245 0.029700 0.170044
15 0.809690 0.168588 0.033776 0.197414
15 0.840554 0.156359 0.034941 0.165968