84 0.294277 0.084591 0.022013 0.013208
84 0.360629 0.079560 0.018868 0.009434
84 0.458742 0.090252 0.020126 0.010692
84 0.538931 0.086478 0.025786 0.011950
84 0.694277 0.094340 0.022013 0.012579
84 0.753700 0.470311 0.014798 0.012949
84 0.623983 0.475166 0.018036 0.010636
84 0.505827 0.471236 0.020348 0.012024
84 0.351138 0.470080 0.024510 0.014336
84 0.265122 0.466380 0.015261 0.010636
84 0.394377 0.646273 0.018498 0.011561
84 0.519238 0.649972 0.017573 0.009711
84 0.643868 0.652978 0.016186 0.011099
84 0.803644 0.657834 0.014798 0.009711
23 0.272462 0.181098 0.068509 0.210580
23 0.328897 0.201033 0.061208 0.150494
26 0.372698 0.178852 0.047731 0.215072
21 0.418183 0.195418 0.040993 0.178571
24 0.476303 0.182502 0.066262 0.207772
21 0.542565 0.181941 0.049416 0.211141
21 0.620058 0.194014 0.046047 0.179133
40 0.250662 0.395564 0.129924 0.168818
42 0.373552 0.399288 0.129096 0.167991
43 0.499752 0.403012 0.126614 0.167163
41 0.626365 0.406736 0.124959 0.172956
96 0.755048 0.402598 0.134062 0.167991
45 0.384558 0.592519 0.121648 0.139027
50 0.515723 0.601208 0.145647 0.129924
46 0.651440 0.598312 0.120821 0.147302
46 0.786329 0.600794 0.130751 0.147302
81 0.696955 0.773337 0.117511 0.123304
81 0.810741 0.770026 0.115028 0.138199
5 0.681117 0.178946 0.059149 0.217131
5 0.747379 0.195792 0.044924 0.181941
17 0.851602 0.193920 0.041929 0.184187