81 0.974112 0.782943 0.028345 0.091963
84 0.899471 0.849395 0.022676 0.010708
84 0.931910 0.707987 0.000630 0.000000
84 0.705637 0.854446 0.014245 0.008649
84 0.915751 0.730057 0.021368 0.012210
84 0.767652 0.624202 0.021894 0.008666
84 0.572660 0.742565 0.016876 0.007298
84 0.538679 0.740969 0.022806 0.009579
84 0.927294 0.511084 0.019157 0.007754
84 0.568783 0.629447 0.017333 0.010035
84 0.440917 0.524912 0.015873 0.010141
84 0.319201 0.526316 0.016012 0.007658
84 0.105124 0.532233 0.026455 0.013228
84 0.059863 0.643230 0.018654 0.008479
84 0.054097 0.759056 0.022724 0.008818
84 0.582011 0.836725 0.016958 0.010853
84 0.499423 0.840117 0.016619 0.010175
84 0.425655 0.840965 0.014923 0.009158
84 0.334249 0.846561 0.009836 0.006783
84 0.252849 0.846306 0.019333 0.009666
84 0.306777 0.844271 0.018315 0.008649
84 0.308557 0.747863 0.024929 0.010175
81 0.939153 0.786722 0.034014 0.086924
81 0.908289 0.800265 0.042832 0.114009
81 0.874276 0.789242 0.032754 0.086924
81 0.844041 0.787037 0.034014 0.096372
81 0.806563 0.787037 0.038423 0.090073
81 0.766881 0.789872 0.035903 0.099521
81 0.728143 0.790816 0.037793 0.097632
81 0.695074 0.804989 0.034643 0.119678
81 0.657596 0.792706 0.032754 0.093852
81 0.620118 0.794281 0.034643 0.091963
81 0.587680 0.799320 0.023936 0.088183
81 0.558390 0.787667 0.020786 0.067397
81 0.537250 0.795934 0.015196 0.050863
81 0.504535 0.800579 0.026455 0.089443
81 0.476505 0.789242 0.028345 0.066767
81 0.447216 0.787667 0.020156 0.071177
81 0.419186 0.800894 0.025825 0.093852
81 0.392101 0.794911 0.017007 0.073066
81 0.364072 0.788612 0.022676 0.074326
81 0.334152 0.807193 0.023306 0.087554
81 0.302658 0.807823 0.024565 0.090073
81 0.264550 0.806563 0.040312 0.095112
81 0.191799 0.810461 0.063933 0.092041
81 0.117670 0.811839 0.068893 0.090388
81 0.039958 0.818728 0.067791 0.086530
81 0.039683 0.710428 0.061728 0.108025
81 0.119048 0.702712 0.068342 0.078263
81 0.195106 0.702160 0.072751 0.080467
81 0.253527 0.697476 0.028660 0.089837
81 0.288250 0.693618 0.029762 0.089837
81 0.316082 0.699405 0.036927 0.108025
81 0.353009 0.688933 0.029211 0.094797
81 0.387456 0.687831 0.027557 0.084877
81 0.419422 0.687831 0.024250 0.082672
81 0.451664 0.688657 0.030313 0.089837
81 0.485836 0.686453 0.028108 0.085428
81 0.515322 0.687831 0.031966 0.088183
81 0.547288 0.690862 0.035273 0.109678
81 0.580633 0.692240 0.035825 0.108025
81 0.610670 0.681217 0.018739 0.094797
81 0.634645 0.680390 0.033620 0.093144
81 0.670470 0.679012 0.028108 0.089286
81 0.704090 0.677910 0.032518 0.093695
81 0.740465 0.678186 0.030313 0.095348
81 0.769676 0.679839 0.023699 0.083223
81 0.798336 0.677083 0.022597 0.089837
81 0.826720 0.674328 0.022046 0.092041
81 0.854001 0.673225 0.025904 0.089837
81 0.883488 0.671021 0.026455 0.093144
81 0.910494 0.681493 0.028660 0.115190
81 0.939705 0.673501 0.025353 0.089286
81 0.970293 0.672399 0.032518 0.094797
81 0.985725 0.563823 0.028108 0.085979
81 0.952932 0.563272 0.031966 0.081570
81 0.924272 0.569059 0.020944 0.083223
81 0.894511 0.566578 0.033069 0.087081
81 0.861442 0.566027 0.026455 0.087081
81 0.830026 0.566303 0.029762 0.087632
81 0.797509 0.569885 0.026455 0.082672
81 0.767747 0.575672 0.031966 0.105269
81 0.734403 0.572090 0.031415 0.085979
81 0.700783 0.571539 0.033620 0.090388
81 0.669214 0.571723 0.026455 0.089163
81 0.639575 0.574417 0.026945 0.090633
81 0.607241 0.573192 0.032824 0.092103
81 0.575397 0.578336 0.029884 0.111209
81 0.542083 0.571967 0.029884 0.093572
81 0.509749 0.571478 0.028905 0.094552
81 0.476925 0.572947 0.025965 0.092593
81 0.446796 0.577356 0.027435 0.087694
81 0.415687 0.577112 0.025965 0.089163
81 0.382373 0.576377 0.032824 0.094552
81 0.349549 0.580051 0.025965 0.091123
81 0.318195 0.581766 0.024985 0.089653
81 0.283657 0.581276 0.032334 0.088673
81 0.251078 0.579806 0.028905 0.086714
81 0.189349 0.584950 0.063198 0.091123
81 0.116108 0.588379 0.070547 0.089163
81 0.042867 0.596953 0.063198 0.106310
81 0.962302 0.449405 0.050265 0.111772
81 0.911706 0.455357 0.049603 0.121032
81 0.856151 0.450728 0.050926 0.107804
81 0.813161 0.448413 0.027116 0.111111
81 0.771495 0.446098 0.042989 0.114418
81 0.724537 0.448743 0.037698 0.113095
81 0.672288 0.451058 0.049603 0.115079
70 0.616071 0.453042 0.052249 0.113757
70 0.565476 0.453042 0.046296 0.113757
70 0.508598 0.456680 0.048942 0.110450
74 0.457672 0.464616 0.050265 0.127646
74 0.402116 0.458664 0.050265 0.114418
73 0.348214 0.456680 0.049603 0.111772
73 0.299934 0.464616 0.057540 0.135582
93 0.242725 0.466601 0.047619 0.110450
93 0.194775 0.463955 0.040344 0.110450
94 0.148810 0.469246 0.038360 0.103836
94 0.087963 0.473214 0.062169 0.140873
92 0.023148 0.464286 0.046296 0.117725