84 0.554919 0.606918 0.025831 0.022462
84 0.531896 0.918239 0.038185 0.029200
84 0.618374 0.261680 0.040431 0.024708
84 0.754268 0.427336 0.000000 0.001123
45 0.629245 0.142296 0.201258 0.272013
86 0.462579 0.210692 0.672956 0.050314
86 0.472013 0.554245 0.698113 0.051887
45 0.424843 0.092767 0.210692 0.185534
38 0.222013 0.095126 0.198113 0.183962
50 0.256604 0.444969 0.261006 0.185535
48 0.495597 0.469340 0.213836 0.297170
48 0.700786 0.421384 0.209119 0.213836
53 0.488745 0.786164 0.163853 0.291294
53 0.648461 0.726994 0.168818 0.189507