84 0.521155 0.461645 0.016200 0.010959
84 0.518773 0.764437 0.017153 0.009529
84 0.507814 0.922384 0.018106 0.011912
84 0.748549 0.910942 0.027012 0.012498
91 0.817924 0.308962 0.106918 0.256289
94 0.707862 0.311321 0.113208 0.257862
94 0.593082 0.303459 0.113208 0.267296
94 0.479874 0.317610 0.113208 0.308176
93 0.355660 0.286164 0.128931 0.295597
92 0.223585 0.284591 0.125786 0.289308
70 0.211006 0.605346 0.125786 0.267296
71 0.338365 0.604560 0.119497 0.259434
71 0.449214 0.604560 0.117925 0.265723
72 0.557704 0.628145 0.111635 0.290881
72 0.674057 0.596698 0.105346 0.259434
74 0.791981 0.599843 0.121069 0.256289
79 0.766824 0.863994 0.174528 0.108491
75 0.443711 0.874214 0.176101 0.160377
75 0.261321 0.864780 0.172956 0.106918
75 0.608805 0.836478 0.138365 0.100629