84 0.543588 0.615915 0.030573 0.023585
84 0.751922 0.615479 0.022711 0.022711
84 0.353599 0.926363 0.040182 0.035814
84 0.805206 0.927673 0.031447 0.017470
84 0.203267 0.625437 0.030573 0.022711
13 0.625157 0.440461 0.048218 0.201258
13 0.580084 0.446226 0.048218 0.196017
13 0.682285 0.445178 0.045073 0.196017
13 0.723166 0.442034 0.047170 0.196017
13 0.770335 0.440985 0.049266 0.198113
13 0.822642 0.442558 0.056604 0.197065
13 0.660168 0.148323 0.046122 0.225367
13 0.703669 0.148323 0.049266 0.221174
13 0.746646 0.142558 0.051363 0.218029
13 0.789623 0.149895 0.047170 0.220126
13 0.842558 0.148323 0.050314 0.221174
48 0.440566 0.176625 0.204403 0.208595
38 0.585220 0.167191 0.097484 0.219078
39 0.716247 0.804612 0.227463 0.272537
56 0.512369 0.774738 0.176101 0.151992
55 0.334172 0.827673 0.174004 0.247379
33 0.185849 0.774371 0.125786 0.161950
81 0.492453 0.494497 0.135220 0.284591
81 0.396541 0.492138 0.047170 0.179245
81 0.333648 0.492925 0.059748 0.193396
81 0.275472 0.496855 0.047170 0.188679
81 0.209434 0.521226 0.066038 0.237421
86 0.499528 0.874214 0.746855 0.044025
86 0.666195 0.567610 0.422956 0.040881
46 0.228302 0.180031 0.207547 0.205975