81 0.315571 0.149046 0.043462 0.106293
81 0.368481 0.141440 0.042517 0.128118
81 0.415013 0.153297 0.042989 0.105348
81 0.462254 0.142101 0.046769 0.126795
81 0.510440 0.152589 0.042045 0.107710
81 0.556264 0.140117 0.043934 0.130763
81 0.603505 0.141345 0.043934 0.129252
81 0.652400 0.151408 0.044407 0.108182
81 0.659392 0.287478 0.044533 0.118166
81 0.614638 0.288801 0.044092 0.118166
81 0.567460 0.287037 0.045855 0.119048
81 0.516534 0.297509 0.049824 0.139109
81 0.435626 0.289462 0.046737 0.115961
81 0.384921 0.297178 0.051146 0.138448
81 0.226631 0.298391 0.047619 0.139991
81 0.328263 0.288360 0.049824 0.118166
81 0.277778 0.288580 0.048501 0.115961
81 0.612698 0.419841 0.049735 0.107407
81 0.564021 0.418783 0.043386 0.111640
81 0.517460 0.433069 0.044444 0.124339
81 0.472222 0.422487 0.040741 0.111640
81 0.428042 0.424603 0.044444 0.106349
81 0.379894 0.434656 0.043386 0.126455
81 0.333862 0.422487 0.041270 0.106349
81 0.283862 0.424868 0.049206 0.112169
81 0.234656 0.427249 0.043915 0.108466
81 0.295238 0.552910 0.049735 0.102646
81 0.342593 0.553175 0.040741 0.103175
81 0.388360 0.562169 0.046561 0.124339
81 0.435450 0.549206 0.043386 0.102646
81 0.478571 0.547884 0.039683 0.100000
81 0.522222 0.558201 0.043386 0.120635
81 0.567196 0.545503 0.043386 0.099471
81 0.610582 0.545238 0.043386 0.100000
81 0.656085 0.544180 0.044444 0.100000
81 0.296181 0.674316 0.049459 0.089142
81 0.278353 0.795089 0.050610 0.093743
81 0.384748 0.685530 0.052910 0.116172
81 0.435358 0.670290 0.041408 0.098344
81 0.478778 0.662813 0.037382 0.084541
81 0.520761 0.677479 0.039683 0.113872
81 0.563607 0.665114 0.039107 0.093743
81 0.608753 0.663389 0.041983 0.092593
81 0.653037 0.662238 0.040833 0.096043
81 0.394936 0.805304 0.042832 0.117788
81 0.439027 0.790186 0.039053 0.110229
81 0.481859 0.788612 0.042832 0.102041
81 0.528156 0.798690 0.045981 0.122197
81 0.572562 0.783888 0.040312 0.101411
81 0.612560 0.781683 0.030864 0.100781
81 0.653502 0.776644 0.042202 0.104560
81 0.656487 0.902059 0.039683 0.099494
81 0.611629 0.901771 0.038532 0.106970
81 0.566483 0.910110 0.035657 0.099494
81 0.525075 0.913849 0.036807 0.096618
81 0.481366 0.911261 0.040258 0.100644
81 0.439959 0.915286 0.036807 0.107545
81 0.395388 0.921325 0.041983 0.101219
81 0.352254 0.919887 0.037382 0.102945
81 0.307396 0.923913 0.041983 0.105245
81 0.262825 0.928514 0.035657 0.106395
81 0.704887 0.751532 0.045252 0.131579
81 0.757101 0.738304 0.048037 0.109301
81 0.810707 0.738652 0.043860 0.112782
81 0.857004 0.736912 0.040379 0.109301
81 0.703538 0.896440 0.041336 0.114087
81 0.752590 0.896991 0.047950 0.114087
81 0.803847 0.892857 0.046847 0.109127
81 0.852623 0.888172 0.040785 0.112985
81 0.699405 0.608466 0.037478 0.125661
81 0.734403 0.598269 0.029211 0.105269
81 0.769400 0.598269 0.034171 0.105269
81 0.807705 0.599923 0.032518 0.106371
81 0.845183 0.597167 0.033620 0.106371
81 0.699786 0.474155 0.041209 0.136345
81 0.736162 0.460419 0.029508 0.110908
81 0.770503 0.458384 0.035104 0.113960
81 0.809931 0.461182 0.034595 0.109381
81 0.848087 0.459656 0.033578 0.108364
81 0.703348 0.330179 0.042226 0.134310
81 0.741504 0.317715 0.028999 0.114469
81 0.777625 0.317206 0.033069 0.111416
81 0.817562 0.317206 0.036630 0.106329
81 0.856481 0.316952 0.033069 0.111925
81 0.709453 0.200956 0.037139 0.115995
81 0.745828 0.192562 0.028490 0.097171
81 0.782713 0.192562 0.035104 0.094119
81 0.821123 0.201211 0.031543 0.115486
81 0.855718 0.191290 0.038665 0.093610
81 0.841982 0.096154 0.055963 0.079365
81 0.699532 0.082926 0.019333 0.062068
81 0.727004 0.084453 0.022385 0.068173
81 0.754731 0.081654 0.019841 0.063594
81 0.778643 0.082672 0.016789 0.064611
81 0.799756 0.084198 0.019333 0.065629