84 0.653797 0.572327 0.027370 0.018635
84 0.802877 0.571745 0.023876 0.020964
84 0.362043 0.842826 0.027370 0.019217
84 0.305556 0.578442 0.020382 0.020382
86 0.500286 0.530017 0.754717 0.042882
86 0.495998 0.799457 0.754717 0.032876
9 0.860150 0.415356 0.032320 0.179071
9 0.828267 0.420597 0.038435 0.179071
9 0.780660 0.417977 0.039308 0.177324
9 0.739168 0.417977 0.041929 0.179071
11 0.676275 0.456580 0.082110 0.251036
11 0.599406 0.422781 0.078616 0.174703
12 0.534766 0.420597 0.047170 0.179071
12 0.492837 0.422781 0.041929 0.174703
12 0.454403 0.421908 0.045423 0.178197
12 0.414658 0.425839 0.041055 0.177324
13 0.376223 0.425402 0.041055 0.176450
13 0.335168 0.427586 0.039308 0.170335
13 0.298480 0.467169 0.037561 0.249503
13 0.260919 0.429333 0.041055 0.172082
13 0.210255 0.430643 0.044549 0.179944
13 0.174004 0.430643 0.040182 0.171209
9 0.680206 0.136705 0.048043 0.226240
9 0.634347 0.147187 0.045423 0.231481
12 0.566649 0.143256 0.077743 0.230608
9 0.788085 0.141946 0.169462 0.220999
13 0.453529 0.157669 0.164221 0.210517
13 0.330363 0.164221 0.085604 0.200908
13 0.244759 0.162911 0.080363 0.205276
39 0.285548 0.736875 0.185261 0.234482
37 0.468759 0.698250 0.181159 0.157233
38 0.649576 0.697566 0.185945 0.162702
45 0.810569 0.689021 0.134673 0.174323
46 0.317138 0.937893 0.171384 0.124214
46 0.180346 0.937107 0.111635 0.125786
50 0.496384 0.943396 0.193396 0.113208
50 0.688208 0.946541 0.199686 0.106918