87 0.599017 0.569255 0.204082 0.565949
84 0.534979 0.392906 0.024495 0.014697
84 0.566823 0.394131 0.026455 0.014207
84 0.592299 0.394621 0.023516 0.015187
84 0.618754 0.395846 0.026455 0.013717
84 0.649128 0.397070 0.024495 0.013228
84 0.679747 0.399520 0.024005 0.015187
84 0.530080 0.550412 0.027435 0.014207
84 0.566089 0.550901 0.024005 0.013228
84 0.593768 0.549677 0.019596 0.014697
84 0.631246 0.550901 0.024985 0.016167
84 0.686851 0.552126 0.026455 0.019596
84 0.531795 0.716245 0.024005 0.014697
84 0.581766 0.713796 0.034783 0.017637
84 0.627572 0.710856 0.030374 0.016657
84 0.674358 0.712571 0.025965 0.013228
21 0.533755 0.452185 0.024005 0.134235
20 0.560945 0.453655 0.024495 0.138154
23 0.589849 0.454390 0.020576 0.135704
27 0.618509 0.455614 0.029884 0.130316
26 0.645699 0.455124 0.025475 0.135215
24 0.678767 0.455614 0.034783 0.141093
15 0.529590 0.613365 0.023516 0.145993
14 0.564374 0.613610 0.033314 0.144523
9 0.591564 0.610915 0.024005 0.141093
8 0.628797 0.611160 0.042622 0.137664
8 0.614345 0.625612 0.021556 0.105820
7 0.676318 0.608956 0.050461 0.137174
13 0.532040 0.776259 0.039193 0.136684
13 0.545757 0.787282 0.017637 0.105820
12 0.570988 0.787037 0.023026 0.107290
12 0.581276 0.772585 0.045561 0.137174
11 0.627327 0.768910 0.046541 0.138644
7 0.671174 0.769155 0.037233 0.132275