84 0.301161 0.434204 0.025399 0.016933
84 0.584180 0.695150 0.027818 0.016328
84 0.446299 0.696662 0.029028 0.014514
84 0.269715 0.699081 0.031447 0.019352
84 0.168420 0.702407 0.028423 0.012700
84 0.207426 0.971396 0.030237 0.016328
84 0.377056 0.973210 0.027213 0.018747
84 0.536103 0.972303 0.023585 0.019352
84 0.283926 0.162978 0.028423 0.016328
43 0.276064 0.590832 0.145743 0.243106
41 0.424528 0.587506 0.154814 0.237663
55 0.572388 0.584482 0.155418 0.244920
56 0.725085 0.577225 0.169328 0.259434
84 0.758043 0.693940 0.033261 0.022375
84 0.684567 0.969582 0.022980 0.022375
47 0.707713 0.854022 0.190334 0.254882
46 0.533314 0.857213 0.170008 0.260417
45 0.371659 0.859178 0.161164 0.252555
38 0.208530 0.862618 0.170991 0.241745
81 0.285490 0.389338 0.146002 0.110812
81 0.433738 0.369871 0.148997 0.076370
81 0.581611 0.341420 0.149745 0.107817
81 0.165618 0.353774 0.085355 0.172956
81 0.734651 0.360886 0.152740 0.079365
81 0.302639 0.116899 0.186628 0.108012
81 0.489609 0.076907 0.172272 0.119634
81 0.673845 0.144244 0.034865 0.017774
81 0.663932 0.084769 0.179109 0.150396