86 0.424807 0.265059 0.554538 0.031543
86 0.501119 0.395808 0.739723 0.040700
86 0.506716 0.520961 0.718356 0.042735
86 0.511294 0.635938 0.713268 0.032560
40 0.179812 0.224868 0.109954 0.061177
44 0.288938 0.219907 0.108300 0.067791
43 0.400546 0.219907 0.103340 0.061177
41 0.504299 0.219907 0.105820 0.061177
42 0.612186 0.214120 0.114914 0.064484
42 0.720899 0.226935 0.107474 0.085152
55 0.186839 0.351356 0.115741 0.062831
56 0.297206 0.350529 0.116567 0.061177
39 0.417493 0.349289 0.132275 0.062004
37 0.546875 0.346396 0.129795 0.061177
38 0.672123 0.344742 0.128968 0.064484
38 0.803158 0.341022 0.131448 0.063657
45 0.186425 0.480324 0.114914 0.059524
49 0.312087 0.471230 0.144676 0.069444
46 0.441468 0.474124 0.120701 0.065311
46 0.557622 0.468750 0.113261 0.061177
50 0.686591 0.464616 0.131448 0.066138
47 0.809772 0.464616 0.116567 0.059524
48 0.219494 0.599372 0.109954 0.064484
48 0.323247 0.596065 0.107474 0.056217
48 0.436095 0.592345 0.116567 0.058697
34 0.542328 0.588624 0.095899 0.064484
34 0.640708 0.589038 0.097553 0.068618
36 0.737847 0.582424 0.095073 0.063657
53 0.832507 0.582837 0.090939 0.067791
45 0.242642 0.731233 0.090112 0.070271
36 0.336888 0.729993 0.093419 0.066138
36 0.430308 0.726273 0.096726 0.066964
34 0.517526 0.716353 0.085979 0.055390
53 0.601852 0.713459 0.085979 0.054563
32 0.694444 0.711392 0.094246 0.050430
33 0.787450 0.710152 0.096726 0.049603
81 0.213294 0.856481 0.105820 0.051257
81 0.316220 0.854828 0.100033 0.047950
81 0.424107 0.850694 0.095899 0.051257
81 0.527860 0.852348 0.096726 0.046296
81 0.631614 0.849454 0.095899 0.043816
81 0.734954 0.844081 0.097553 0.042989
81 0.737847 0.920966 0.098380 0.046296
81 0.635747 0.927993 0.097553 0.047123
81 0.534474 0.930886 0.100033 0.047950
81 0.436095 0.933780 0.096726 0.047123
81 0.332755 0.933366 0.096726 0.041336
81 0.232308 0.933780 0.092593 0.043816