84 0.328785 0.208221 0.025270 0.015723
84 0.722147 0.227594 0.034816 0.017408
84 0.813118 0.500225 0.025831 0.015723
84 0.386905 0.493767 0.029200 0.015162
84 0.233322 0.493205 0.029762 0.012916
84 0.245115 0.762466 0.032008 0.014600
84 0.410770 0.758816 0.026393 0.014039
84 0.582884 0.753482 0.030323 0.013477
84 0.724113 0.752920 0.025270 0.017969
84 0.806098 0.750112 0.026393 0.012354
40 0.242453 0.402516 0.146226 0.199686
44 0.391038 0.402909 0.144654 0.198899
43 0.533333 0.411164 0.141509 0.117925
41 0.673270 0.391116 0.135220 0.159591
42 0.805739 0.414308 0.131289 0.185535
55 0.264971 0.666530 0.146295 0.206453
56 0.404772 0.667897 0.140142 0.202352
38 0.556194 0.674050 0.159967 0.175007
37 0.714110 0.675417 0.149029 0.180476
39 0.832034 0.657985 0.086820 0.197566
36 0.821780 0.885357 0.107328 0.166120
50 0.688132 0.898004 0.158600 0.151764
46 0.537181 0.893729 0.144284 0.169256
45 0.394469 0.901591 0.139660 0.175731
45 0.249260 0.906678 0.148909 0.172956
4 0.332963 0.151221 0.038846 0.132260
4 0.249723 0.126249 0.046245 0.100814
4 0.290881 0.129948 0.032371 0.100814
4 0.370422 0.138272 0.032371 0.104514
4 0.407418 0.139660 0.037921 0.103589
1 0.462912 0.110988 0.054569 0.157233
1 0.523030 0.114225 0.060118 0.156308
1 0.587310 0.120699 0.066593 0.158158
3 0.655290 0.107288 0.069367 0.184980
3 0.736681 0.123936 0.076767 0.229375
2 0.807899 0.118387 0.063818 0.179430