86 0.521017 0.311949 0.458554 0.044827
86 0.507422 0.569150 0.550412 0.065403
84 0.366030 0.580771 0.033482 0.011574
84 0.544395 0.591311 0.030589 0.012814
84 0.721726 0.604539 0.027282 0.013641
84 0.450976 0.825893 0.025628 0.009921
1 0.727146 0.237360 0.056584 0.126396
1 0.663580 0.236258 0.057319 0.116843
1 0.604791 0.236258 0.055850 0.121252
1 0.546370 0.234421 0.056584 0.120517
1 0.484274 0.230012 0.052910 0.123457
0 0.422913 0.228175 0.055115 0.119782
0 0.360817 0.225970 0.054380 0.118313
0 0.302396 0.227072 0.055115 0.117578
2 0.355306 0.479497 0.083039 0.221193
2 0.440550 0.457819 0.081570 0.170488
3 0.266755 0.446796 0.077895 0.167549
1 0.522119 0.508157 0.072751 0.191799
0 0.586052 0.481702 0.056584 0.131540
4 0.630511 0.512199 0.022046 0.070547
4 0.666520 0.512934 0.029394 0.070547
4 0.715388 0.548574 0.044827 0.143298
4 0.752499 0.517343 0.032334 0.072016
81 0.615447 0.742945 0.149177 0.120517
81 0.467372 0.754336 0.138154 0.162404
81 0.322604 0.706570 0.141093 0.135949