84 0.287423 0.722277 0.025904 0.009369
84 0.425485 0.724757 0.023148 0.007716
84 0.562169 0.721726 0.024250 0.007165
84 0.701609 0.720624 0.026455 0.009369
84 0.844526 0.716999 0.025777 0.008818
84 0.707163 0.982567 0.024420 0.008818
84 0.477886 0.979006 0.025098 0.007801
84 0.682540 0.849868 0.000000 0.001323
93 0.277148 0.580436 0.123457 0.314311
91 0.408793 0.579806 0.123457 0.323129
92 0.538234 0.577916 0.111489 0.320610
94 0.674918 0.571618 0.130385 0.324389
73 0.811602 0.574137 0.142983 0.314311
81 0.163360 0.569444 0.080688 0.287037
92 0.480859 0.900327 0.185185 0.199346
81 0.343915 0.827887 0.077809 0.169623
81 0.259882 0.827887 0.076253 0.180517
77 0.679012 0.900683 0.180776 0.198633