84 0.568980 0.365693 0.029418 0.010144
84 0.828667 0.362903 0.029418 0.011666
84 0.832978 0.661645 0.025867 0.010651
84 0.670530 0.668104 0.025157 0.010782
84 0.486343 0.671923 0.026056 0.011231
84 0.302156 0.684501 0.026954 0.010332
84 0.351797 0.935130 0.027403 0.010782
84 0.501393 0.929964 0.027403 0.009434
50 0.776915 0.256659 0.196078 0.230300
45 0.558176 0.270995 0.219201 0.212727
45 0.335276 0.227525 0.221051 0.129486
86 0.526625 0.318868 0.702306 0.044025
48 0.272956 0.596646 0.205451 0.205451
47 0.466352 0.590881 0.191824 0.219078
52 0.645597 0.586164 0.164570 0.207547
45 0.802830 0.616562 0.154088 0.136268
81 0.320126 0.874843 0.218029 0.180294
81 0.540776 0.874319 0.214885 0.181342