84 0.759904 0.958995 0.019333 0.009158
84 0.785511 0.764991 0.017637 0.009158
84 0.705807 0.767196 0.018315 0.010175
84 0.445665 0.774488 0.018993 0.009836
84 0.787207 0.605074 0.020350 0.011532
84 0.692579 0.606261 0.020350 0.008479
84 0.615419 0.606600 0.016619 0.011193
84 0.517399 0.607448 0.020011 0.008818
84 0.426498 0.608108 0.018590 0.009295
84 0.355713 0.611683 0.021450 0.010010
84 0.781950 0.413953 0.022724 0.008479
84 0.649844 0.417175 0.024420 0.008140
84 0.549959 0.417515 0.018654 0.010175
84 0.445126 0.422479 0.022046 0.009620
84 0.393418 0.966811 0.022046 0.010422
84 0.265737 0.969170 0.016619 0.008479
84 0.334730 0.426955 0.018372 0.008083
81 0.787282 0.880854 0.097002 0.172448
81 0.690035 0.869342 0.092593 0.145503
81 0.592789 0.886978 0.084264 0.170978
81 0.502156 0.873751 0.093083 0.140604
81 0.418136 0.878650 0.066138 0.192534
81 0.343915 0.873996 0.076426 0.134235
81 0.251323 0.893347 0.089163 0.167059
81 0.164119 0.876690 0.077405 0.138644
81 0.794718 0.694231 0.090032 0.157877
81 0.698498 0.697218 0.093019 0.160437
81 0.596305 0.684417 0.087472 0.131422
81 0.501579 0.689324 0.089179 0.124168
81 0.409413 0.702552 0.096006 0.152330
81 0.307860 0.691031 0.091739 0.128435
81 0.213987 0.692738 0.079792 0.135262
81 0.148063 0.707245 0.040963 0.107954
81 0.860016 0.505838 0.031472 0.153257
81 0.805282 0.520662 0.054278 0.181992
81 0.745986 0.504242 0.052454 0.157362
81 0.680989 0.523627 0.057471 0.176063
81 0.618728 0.521118 0.054278 0.186554
81 0.552363 0.508347 0.056559 0.161923
81 0.488962 0.511312 0.052910 0.155081
81 0.430578 0.529101 0.049261 0.178799
81 0.362616 0.533890 0.058384 0.176519
81 0.298531 0.516785 0.061576 0.161467
81 0.237639 0.521346 0.057471 0.146871
81 0.169677 0.520662 0.062945 0.149152
81 0.844435 0.327853 0.044879 0.132275
81 0.792706 0.342971 0.045351 0.157785
81 0.740268 0.328326 0.039683 0.133220
81 0.693972 0.319822 0.047241 0.154006
81 0.637519 0.334231 0.055272 0.180933
81 0.582247 0.336357 0.048658 0.133220
81 0.532880 0.349584 0.051965 0.156841
81 0.477844 0.328798 0.052438 0.155896
81 0.423517 0.338719 0.062831 0.186130
81 0.362103 0.333286 0.050548 0.155423
81 0.304233 0.333995 0.065193 0.145503
81 0.240457 0.333286 0.050076 0.148810
81 0.183296 0.320059 0.058579 0.181878
81 0.857352 0.102339 0.036898 0.150376
81 0.810359 0.092245 0.040379 0.171958
81 0.766848 0.090504 0.039683 0.178223
81 0.723336 0.093637 0.037594 0.177527
81 0.677736 0.125661 0.043860 0.117655
81 0.631092 0.124965 0.043860 0.113478
81 0.580618 0.126009 0.041771 0.111390
81 0.532930 0.123225 0.043860 0.108605
81 0.486981 0.127750 0.043860 0.116263
81 0.436508 0.130883 0.041771 0.112782
81 0.386383 0.132623 0.044556 0.116263
81 0.335450 0.117725 0.045503 0.148677
81 0.284127 0.119312 0.043386 0.149735
81 0.241534 0.116931 0.032275 0.140741
81 0.204233 0.120106 0.032804 0.143915
81 0.154762 0.120635 0.036508 0.150265