70 0.827416 0.281607 0.059176 0.158034
70 0.761626 0.278474 0.052910 0.142022
70 0.692356 0.277082 0.063353 0.140629
84 0.844017 0.355277 0.019333 0.008479
74 0.626392 0.273601 0.065789 0.144806
74 0.558862 0.272556 0.062309 0.146895
74 0.491507 0.273601 0.066834 0.146895
73 0.423280 0.282477 0.065441 0.164648
73 0.355925 0.273253 0.066486 0.146199
73 0.285436 0.272556 0.065441 0.150376
84 0.398012 0.359347 0.015263 0.009158
94 0.215278 0.272817 0.066799 0.154101
94 0.151786 0.271495 0.053571 0.150132
81 0.154872 0.438988 0.040785 0.140542
81 0.194555 0.425209 0.038580 0.122906
81 0.236166 0.426863 0.036927 0.114087
81 0.273644 0.426863 0.034722 0.119599
81 0.314153 0.426863 0.031966 0.116292
81 0.355765 0.422729 0.041336 0.121252
81 0.395723 0.425209 0.038580 0.115190
81 0.438437 0.424658 0.039131 0.116292
81 0.478119 0.423280 0.039131 0.116843
81 0.518078 0.432650 0.042989 0.135582
81 0.558587 0.421627 0.038029 0.115741
81 0.602679 0.421351 0.040234 0.111883
81 0.641810 0.419974 0.038029 0.114638
81 0.680115 0.422454 0.038580 0.112985
81 0.719246 0.429067 0.040785 0.131724
81 0.792824 0.427690 0.043541 0.133377
81 0.758377 0.422178 0.039683 0.111332
81 0.835538 0.421903 0.038580 0.110780
81 0.863646 0.418871 0.020944 0.110229
81 0.156695 0.577686 0.035613 0.141941
81 0.202737 0.572090 0.041209 0.138889
81 0.241402 0.562169 0.038156 0.118030
81 0.285663 0.560389 0.039174 0.119556
81 0.325855 0.570055 0.038156 0.134819
81 0.364011 0.557336 0.036121 0.116504
81 0.404711 0.556319 0.040191 0.116504
81 0.446174 0.571072 0.056980 0.130749
81 0.496540 0.558608 0.037648 0.106838
81 0.536732 0.568529 0.035613 0.129731
81 0.575142 0.557336 0.037139 0.104294
81 0.610501 0.554029 0.034595 0.114978
81 0.644078 0.553521 0.034595 0.112943
81 0.681471 0.560897 0.032051 0.134819
81 0.714286 0.549451 0.029508 0.117013
81 0.750153 0.561661 0.042226 0.127188
81 0.790598 0.550722 0.037648 0.107346
81 0.830790 0.548687 0.043753 0.116504
81 0.863095 0.547924 0.023911 0.110908
81 0.159675 0.697988 0.033069 0.111017
81 0.202192 0.688303 0.036848 0.090703
81 0.241402 0.687122 0.034014 0.092120
81 0.284628 0.699405 0.035431 0.110072
81 0.325728 0.682634 0.041100 0.088813
81 0.369426 0.684996 0.037793 0.086924
81 0.405801 0.692319 0.030234 0.112906
81 0.448318 0.691374 0.036848 0.110072
81 0.481623 0.676965 0.026927 0.090703
81 0.510676 0.678382 0.029289 0.084089
81 0.554138 0.688776 0.053855 0.104875
81 0.616733 0.686177 0.038265 0.107237
81 0.661376 0.684288 0.042517 0.107237
81 0.704837 0.694681 0.049131 0.128023
81 0.745465 0.681926 0.044407 0.108182
81 0.787982 0.684288 0.037793 0.104403
81 0.827901 0.683815 0.038265 0.101568
81 0.861206 0.691610 0.032124 0.122827
81 0.171670 0.830458 0.039683 0.074764
81 0.214516 0.844836 0.043708 0.097769
81 0.256499 0.829308 0.041408 0.072464
81 0.297044 0.808891 0.045434 0.107545
81 0.341615 0.807166 0.037957 0.108696
81 0.383598 0.805441 0.047159 0.114447
81 0.427306 0.805153 0.037957 0.113872
81 0.466989 0.805441 0.034507 0.107545
81 0.502646 0.809466 0.039107 0.098344
81 0.541753 0.798827 0.040258 0.111571
81 0.584023 0.799689 0.033931 0.109846
81 0.616805 0.814930 0.040833 0.110421
81 0.658788 0.814930 0.041983 0.108121
81 0.697032 0.815793 0.036807 0.109846
81 0.737003 0.814067 0.035082 0.104095
81 0.775535 0.812054 0.043133 0.101219
81 0.814355 0.825569 0.041408 0.125949
81 0.853175 0.808029 0.037382 0.097769