84 0.500881 0.458868 0.033962 0.015094
84 0.260629 0.457925 0.031447 0.013208
84 0.437987 0.195660 0.035220 0.013208
84 0.154843 0.212642 0.030189 0.015723
84 0.658616 0.187799 0.036478 0.013836
84 0.776604 0.451321 0.032704 0.015094
84 0.385723 0.686541 0.028302 0.017610
84 0.628176 0.696289 0.033962 0.011950
84 0.581635 0.918931 0.031447 0.014465
84 0.799874 0.919245 0.035220 0.015094
84 0.163755 0.696716 0.027952 0.016306
37 0.531709 0.350716 0.261181 0.233229
39 0.273585 0.355084 0.255066 0.236723
38 0.767994 0.339797 0.211391 0.249825
86 0.497754 0.394205 0.754717 0.056155
86 0.496069 0.135332 0.751348 0.064016
86 0.269205 0.629492 0.288634 0.043801
86 0.748203 0.629492 0.258311 0.046047
48 0.634209 0.596361 0.239218 0.226864
47 0.398360 0.598046 0.219003 0.216757
46 0.207996 0.602538 0.161725 0.216757
43 0.422507 0.118486 0.222372 0.169587
41 0.650157 0.111373 0.222746 0.175577
44 0.218217 0.127471 0.185310 0.194295
81 0.233805 0.814465 0.183962 0.088050
81 0.420912 0.813679 0.185535 0.091195
81 0.611557 0.876179 0.195755 0.115566
81 0.786478 0.844733 0.133648 0.192610