81 0.844494 0.831680 0.062004 0.133929
81 0.771329 0.832920 0.087632 0.133102
81 0.687417 0.829613 0.086806 0.139716
81 0.618254 0.841005 0.044974 0.108466
81 0.571429 0.840741 0.046561 0.105820
81 0.520106 0.851587 0.049735 0.092593
81 0.467460 0.848413 0.048148 0.097884
81 0.415079 0.840741 0.046032 0.128042
81 0.360582 0.840741 0.046032 0.120635
81 0.300794 0.841005 0.049206 0.119048
81 0.247090 0.841534 0.049735 0.121164
81 0.192328 0.840476 0.041799 0.124339
70 0.143122 0.834127 0.035450 0.138095
81 0.811508 0.665013 0.038360 0.105159
81 0.769180 0.664021 0.033069 0.105820
81 0.731812 0.654101 0.040344 0.129630
81 0.688823 0.667659 0.040344 0.154101
81 0.644841 0.669312 0.034392 0.152116
81 0.605159 0.656415 0.033069 0.122354
81 0.562169 0.654762 0.037037 0.125661
81 0.517526 0.666997 0.036376 0.146164
81 0.473545 0.654101 0.037037 0.123016
81 0.426257 0.664683 0.037698 0.154762
81 0.386574 0.655093 0.040344 0.128968
81 0.348214 0.655093 0.032407 0.128968
81 0.309854 0.654762 0.039021 0.129630
81 0.270833 0.653439 0.035053 0.132275
81 0.233796 0.652778 0.033730 0.132275
81 0.197090 0.653439 0.037037 0.133598
81 0.158069 0.654101 0.034392 0.133598
81 0.839947 0.486524 0.055390 0.140542
81 0.789311 0.498925 0.054150 0.174438
81 0.726480 0.498512 0.051670 0.174438
81 0.671429 0.487566 0.046561 0.146561
81 0.618519 0.485979 0.048677 0.148677
81 0.570635 0.500794 0.036508 0.170899
81 0.483333 0.529894 0.121164 0.108466
81 0.360053 0.536243 0.120106 0.093651
81 0.228429 0.533171 0.131258 0.097680
81 0.820106 0.343915 0.081400 0.085470
81 0.617623 0.329162 0.099715 0.102768
81 0.723952 0.330179 0.094628 0.106838
81 0.517857 0.354497 0.083333 0.050265
81 0.367063 0.359127 0.197090 0.054233
81 0.861772 0.169974 0.030423 0.146825
81 0.823413 0.169312 0.027778 0.148148
81 0.791667 0.173280 0.022487 0.145503
81 0.758598 0.174603 0.030423 0.148148
81 0.728836 0.169312 0.026455 0.148148
81 0.688492 0.184524 0.030423 0.115079
81 0.652116 0.190476 0.029101 0.119048
81 0.606481 0.155423 0.059524 0.175926
81 0.545635 0.167328 0.054233 0.152116
81 0.489418 0.167328 0.055556 0.152116
81 0.433862 0.167989 0.060847 0.153439
81 0.380291 0.164021 0.046296 0.153439
81 0.328042 0.162037 0.055556 0.152116