87 0.526258 0.497642 0.316038 0.992138
20 0.414623 0.299528 0.058176 0.237421
20 0.425629 0.588836 0.073899 0.218553
20 0.429560 0.854560 0.047170 0.190252
9 0.580503 0.288522 0.059748 0.237421
9 0.654402 0.291667 0.040881 0.234277
26 0.497170 0.299528 0.056604 0.234277
23 0.492453 0.591981 0.050314 0.199686
15 0.568711 0.588836 0.064465 0.209119
22 0.633962 0.584906 0.056604 0.188679
17 0.494025 0.852987 0.044025 0.183962
18 0.557704 0.838836 0.051887 0.171384
16 0.622170 0.834119 0.042453 0.168239