91 0.639098 0.553467 0.066834 0.153161
91 0.558340 0.551727 0.071011 0.155249
91 0.481760 0.548942 0.071011 0.155249
91 0.404135 0.546505 0.070315 0.158730
93 0.717070 0.562865 0.068226 0.144110
93 0.793651 0.563214 0.073796 0.147591
74 0.276628 0.354555 0.073614 0.174258
74 0.355130 0.358293 0.074189 0.173683
72 0.434207 0.362894 0.072464 0.174833
72 0.509547 0.364907 0.073614 0.175408
71 0.587187 0.370370 0.074764 0.173683
71 0.661663 0.372958 0.071889 0.171958
70 0.737290 0.374684 0.075914 0.173108
81 0.182780 0.365560 0.108225 0.158730
81 0.820106 0.396825 0.084175 0.139490
81 0.206229 0.545936 0.097403 0.146705
81 0.314454 0.553151 0.097403 0.149110
81 0.190596 0.723906 0.102213 0.132275
81 0.337302 0.746753 0.066138 0.108225
81 0.404642 0.729918 0.046898 0.137085
81 0.457552 0.726311 0.051708 0.137085
81 0.518278 0.724507 0.057720 0.143098
81 0.583814 0.729918 0.061328 0.139490
81 0.653559 0.730519 0.066138 0.140693
81 0.765392 0.737734 0.037278 0.121453
81 0.811087 0.739538 0.032468 0.117845
81 0.183381 0.874218 0.070948 0.108225
81 0.277177 0.874218 0.085378 0.110630
81 0.379990 0.877826 0.093795 0.115440
81 0.500241 0.877225 0.098605 0.109428
81 0.627706 0.880832 0.110630 0.119048