84 0.259077 0.154853 0.017333 0.008666
84 0.652709 0.136380 0.015508 0.008210
84 0.273445 0.278234 0.017789 0.009122
84 0.466384 0.272076 0.017789 0.008666
84 0.771004 0.094196 0.014831 0.012025
84 0.772206 0.204024 0.016434 0.009620
84 0.769000 0.330888 0.014831 0.010021
84 0.769200 0.450537 0.014430 0.009620
84 0.772607 0.564975 0.018038 0.007616
84 0.769400 0.675405 0.017236 0.007215
84 0.771004 0.783430 0.014831 0.008418
84 0.770002 0.889650 0.016835 0.009219
84 0.609067 0.877425 0.014831 0.006413
84 0.310847 0.783630 0.013228 0.008017
84 0.307239 0.676407 0.013228 0.007616
84 0.295014 0.566779 0.014430 0.008818
84 0.290003 0.483205 0.014831 0.010021
84 0.473986 0.476792 0.014831 0.010823
84 0.467573 0.376984 0.015633 0.009219
84 0.281385 0.382596 0.019240 0.010021
95 0.283169 0.097335 0.101827 0.121294
95 0.382001 0.084232 0.101827 0.101078
95 0.477463 0.085355 0.096586 0.122791
95 0.578916 0.074124 0.103324 0.098832
95 0.677748 0.081237 0.097335 0.125037
95 0.290282 0.224618 0.105571 0.115304
95 0.389114 0.213013 0.099581 0.101078
95 0.481581 0.217880 0.100329 0.116801
95 0.580413 0.203279 0.094340 0.099581
95 0.680368 0.197664 0.104073 0.095837
95 0.311246 0.447739 0.093591 0.086852
95 0.403714 0.433513 0.091345 0.065888
95 0.493187 0.438380 0.083109 0.095088
95 0.574798 0.423405 0.078616 0.074124
95 0.663896 0.419662 0.089099 0.072627
95 0.320231 0.534591 0.107068 0.077868
95 0.423929 0.516247 0.101827 0.062144
95 0.526131 0.514376 0.101078 0.059898
95 0.626834 0.509509 0.098832 0.066637
95 0.332585 0.629305 0.095837 0.105571
95 0.432165 0.613956 0.097335 0.085355
95 0.532869 0.612084 0.099581 0.086104
95 0.633947 0.610587 0.098083 0.089099
95 0.337077 0.739143 0.107817 0.101827
95 0.433663 0.724169 0.097335 0.089847
95 0.533618 0.721174 0.095088 0.083857
95 0.633947 0.722671 0.101078 0.086852
81 0.344939 0.851078 0.098083 0.092093
81 0.441150 0.845837 0.092842 0.093591
81 0.532495 0.833109 0.094340 0.078616
81 0.631701 0.838350 0.074124 0.092093
81 0.710692 0.825996 0.077868 0.070380
95 0.302919 0.356820 0.092866 0.067807
95 0.395539 0.341588 0.096305 0.048153
95 0.490861 0.360505 0.093357 0.045696
47 0.803019 0.155975 0.104403 0.100629
47 0.804906 0.274214 0.105660 0.122013
47 0.802704 0.398113 0.103774 0.116981
47 0.801761 0.514780 0.103145 0.113836
47 0.798931 0.624843 0.097484 0.111321
48 0.800189 0.743711 0.100000 0.087421
48 0.801761 0.843711 0.093082 0.106289