84 0.251134 0.113001 0.017007 0.009070
84 0.434996 0.116024 0.018141 0.007559
84 0.529101 0.117725 0.019652 0.006425
84 0.256892 0.233918 0.017405 0.007658
84 0.434071 0.236877 0.016012 0.007310
84 0.265420 0.350529 0.017753 0.008354
84 0.437726 0.350703 0.018449 0.009398
84 0.271338 0.461223 0.016360 0.006962
84 0.439467 0.460874 0.017753 0.010443
84 0.274047 0.569631 0.015602 0.007801
84 0.446513 0.565052 0.018654 0.007462
84 0.281000 0.673416 0.017298 0.005766
84 0.476021 0.668837 0.017976 0.006783
84 0.286427 0.772283 0.015941 0.007462
84 0.475682 0.766857 0.016619 0.006783
84 0.289479 0.855379 0.015941 0.007462
84 0.520621 0.847070 0.015602 0.008479
84 0.291853 0.984941 0.015941 0.009497
84 0.711403 0.564204 0.015941 0.009158
84 0.755664 0.428029 0.013567 0.008140
84 0.796703 0.425315 0.014245 0.006783
84 0.720052 0.285748 0.016958 0.008479
84 0.749389 0.285070 0.009158 0.007801
84 0.768552 0.285579 0.008818 0.007462
84 0.791785 0.284731 0.015941 0.007801
84 0.859110 0.284561 0.016280 0.008818
84 0.707333 0.689357 0.015263 0.007123
84 0.829094 0.689187 0.013906 0.008818
84 0.704789 0.816036 0.014245 0.008140
84 0.752103 0.815527 0.013228 0.007123
84 0.841134 0.811627 0.016280 0.008140
40 0.298482 0.521049 0.081666 0.105820
40 0.383598 0.511272 0.079365 0.089717
40 0.279216 0.068150 0.093743 0.104095
40 0.371521 0.059236 0.086266 0.082816
45 0.460087 0.184323 0.087417 0.116747
45 0.549229 0.173971 0.087417 0.097193
45 0.639234 0.173108 0.086841 0.098919
45 0.462388 0.299919 0.086266 0.115597
45 0.549804 0.289568 0.090867 0.093743
45 0.639522 0.290430 0.090867 0.090867
45 0.462388 0.412066 0.086266 0.106395
45 0.548079 0.402289 0.086266 0.090292
45 0.635783 0.402001 0.087992 0.086266
45 0.465263 0.519324 0.081666 0.098919
45 0.550955 0.510409 0.083966 0.084541
45 0.635496 0.520186 0.083966 0.068438
39 0.307396 0.637796 0.102945 0.080515
39 0.408615 0.625719 0.097193 0.066713
38 0.503796 0.632908 0.093168 0.084541
38 0.599839 0.620255 0.092017 0.063837
38 0.505521 0.732689 0.089717 0.079365
38 0.602139 0.719462 0.095468 0.062112
37 0.312859 0.738728 0.102369 0.086841
37 0.409478 0.724925 0.098919 0.058086
49 0.322114 0.936949 0.110229 0.116108
49 0.427445 0.919312 0.101411 0.089653
55 0.461738 0.073241 0.089653 0.100431
56 0.552371 0.073241 0.087694 0.100431
56 0.639575 0.063198 0.085734 0.078385
44 0.550454 0.822184 0.077475 0.063114
44 0.629441 0.810091 0.076720 0.044974
81 0.279630 0.181481 0.089418 0.117460
81 0.368519 0.173545 0.086243 0.099471
81 0.285935 0.297840 0.093915 0.113316
81 0.374339 0.289903 0.087302 0.095679
81 0.288580 0.411376 0.085979 0.112875
81 0.376102 0.402557 0.084656 0.092593
81 0.307540 0.832231 0.083333 0.059524
81 0.391534 0.822310 0.079365 0.041446
81 0.470018 0.815476 0.075838 0.048942
7 0.711376 0.507407 0.039683 0.126984
7 0.753439 0.498413 0.038095 0.108995
7 0.791270 0.495767 0.036508 0.106878
7 0.835450 0.497354 0.040212 0.104762
9 0.748677 0.368783 0.073016 0.132275
8 0.799206 0.366667 0.025926 0.133333
8 0.821164 0.355820 0.016931 0.116931
8 0.838360 0.355556 0.015344 0.107937
8 0.858201 0.355026 0.016931 0.105820
81 0.714550 0.226720 0.037566 0.135979
81 0.753439 0.220899 0.040212 0.146561
81 0.794709 0.223280 0.030688 0.139683
81 0.859259 0.223016 0.028571 0.139153
81 0.712963 0.638095 0.033333 0.121693
81 0.831481 0.634656 0.033333 0.121164
81 0.741799 0.628836 0.022222 0.098942
81 0.764286 0.627513 0.018519 0.101587
81 0.782275 0.625926 0.015344 0.102646
81 0.800794 0.626455 0.018519 0.100529
81 0.704762 0.764286 0.028571 0.117989
81 0.728307 0.757672 0.017460 0.099471
81 0.746032 0.753439 0.013757 0.094180
81 0.763757 0.753439 0.019577 0.099471
81 0.836243 0.764550 0.026984 0.111111
81 0.862963 0.753439 0.023280 0.099471
81 0.785450 0.754497 0.015344 0.096296
81 0.703968 0.887037 0.035450 0.093651
81 0.742328 0.882540 0.037037 0.092063
81 0.782540 0.881481 0.038095 0.086772
81 0.823280 0.881481 0.034921 0.087831