84 0.276455 0.338889 0.035450 0.012169
84 0.508730 0.331481 0.031217 0.012169
84 0.314286 0.655291 0.035979 0.013228
84 0.528042 0.648413 0.035979 0.011111
84 0.774339 0.637566 0.035450 0.009524
84 0.851852 0.903175 0.028571 0.014815
84 0.602116 0.921164 0.037037 0.011640
84 0.749717 0.332577 0.032124 0.012283
86 0.537698 0.886243 0.683862 0.060847
86 0.518519 0.605159 0.716931 0.064815
44 0.264550 0.215892 0.245654 0.273054
40 0.486584 0.212585 0.230537 0.270219
43 0.702475 0.210223 0.214475 0.261716
56 0.282029 0.568311 0.229592 0.216364
55 0.504535 0.562642 0.213530 0.212585
37 0.731293 0.549887 0.256992 0.200302
45 0.366591 0.809240 0.234316 0.129441
45 0.590514 0.840892 0.207861 0.219199
46 0.785620 0.815382 0.174792 0.224868