84 0.320573 0.474245 0.040461 0.024121
84 0.475412 0.469966 0.035792 0.023343
84 0.580065 0.469577 0.021008 0.016340
84 0.718954 0.468410 0.034236 0.029567
84 0.769530 0.466853 0.037348 0.024899
84 0.855509 0.467631 0.035014 0.029567
84 0.401883 0.683940 0.019452 0.018674
84 0.541939 0.692499 0.019452 0.015562
84 0.684329 0.681217 0.036570 0.025677
84 0.780812 0.683551 0.038126 0.030345
84 0.332244 0.843838 0.018674 0.024121
84 0.475023 0.827109 0.017896 0.021786
84 0.589013 0.852007 0.024899 0.024899
84 0.850840 0.842281 0.031902 0.027233
84 0.527544 0.217087 0.021786 0.020230
84 0.590570 0.208528 0.024899 0.023343
84 0.654373 0.209695 0.015562 0.013228
84 0.694444 0.206972 0.028789 0.023343
84 0.762916 0.204637 0.036570 0.024899
84 0.341192 0.217476 0.025677 0.021008
84 0.391768 0.215531 0.028789 0.024899
84 0.437286 0.213974 0.026455 0.023343
46 0.640031 0.789442 0.118446 0.149110
48 0.739238 0.776816 0.084776 0.110630
47 0.827020 0.790645 0.088384 0.143098
2 0.533877 0.766093 0.091858 0.118313
4 0.341711 0.801734 0.060259 0.116108
1 0.458554 0.754336 0.047031 0.105085
0 0.404174 0.756908 0.052910 0.113169
45 0.422546 0.823413 0.245444 0.021311
86 0.545113 0.618212 0.087719 0.164300
49 0.651281 0.603244 0.114871 0.195628
46 0.852397 0.596405 0.047463 0.136166
50 0.769919 0.606131 0.119048 0.188298
81 0.445845 0.615079 0.102708 0.157952
81 0.345472 0.591737 0.094927 0.140834
81 0.324852 0.402272 0.084812 0.172736
40 0.481637 0.410053 0.105820 0.154062
44 0.570728 0.407719 0.078587 0.150949
41 0.661376 0.404995 0.105820 0.150171
42 0.753968 0.404995 0.068472 0.150171
55 0.829832 0.405384 0.089480 0.157174
17 0.341581 0.140834 0.130719 0.186741
13 0.441955 0.123716 0.062247 0.202303
12 0.507314 0.124883 0.065359 0.201525
12 0.569172 0.126829 0.067694 0.192966
9 0.634532 0.121771 0.064581 0.198413
8 0.696779 0.123716 0.056800 0.197635
7 0.760582 0.129552 0.064581 0.182851