84 0.240566 0.355588 0.035075 0.014514
84 0.437409 0.359216 0.034470 0.019352
84 0.635764 0.362240 0.033261 0.015723
84 0.793299 0.366171 0.029028 0.017537
84 0.772436 0.650399 0.027213 0.015119
84 0.607644 0.657354 0.025399 0.013304
84 0.351234 0.670053 0.027818 0.012095
84 0.280781 0.901367 0.023585 0.011490
84 0.710752 0.861151 0.024794 0.014514
55 0.247956 0.250786 0.174528 0.240566
56 0.424843 0.251572 0.169811 0.238994
38 0.605660 0.259434 0.185535 0.223270
37 0.784119 0.270440 0.168239 0.213836
45 0.251101 0.537736 0.180818 0.201258
45 0.413836 0.559748 0.163522 0.248428
46 0.575786 0.551887 0.160377 0.229560
46 0.742453 0.555031 0.169811 0.204403
48 0.295912 0.803459 0.169811 0.216981
47 0.458648 0.771226 0.155660 0.168239
47 0.613033 0.759521 0.150245 0.158106
47 0.750961 0.787474 0.135395 0.165094