49 0.274471 0.581435 0.152116 0.121923
45 0.404877 0.583161 0.105820 0.116172
46 0.512422 0.574822 0.109271 0.100644
46 0.619680 0.573096 0.102945 0.098344
50 0.724638 0.564470 0.110421 0.105245
47 0.263112 0.713998 0.121348 0.115597
48 0.385898 0.702496 0.118473 0.114447
46 0.476766 0.689268 0.066713 0.120198
46 0.534564 0.684668 0.040833 0.115597
48 0.574822 0.681792 0.045434 0.123648
53 0.636646 0.678054 0.086266 0.105820
46 0.711123 0.677479 0.059236 0.095468
45 0.582586 0.787612 0.075914 0.090292
44 0.676904 0.772659 0.082816 0.092593
55 0.259949 0.459512 0.112721 0.109271
56 0.368645 0.459225 0.103520 0.102945
15 0.477053 0.436795 0.114447 0.054635
86 0.572234 0.477341 0.363469 0.020704
37 0.588049 0.438233 0.113297 0.058661
38 0.691569 0.438808 0.099494 0.054060
42 0.734702 0.360018 0.085691 0.070163
42 0.647861 0.347078 0.087992 0.096043
86 0.380147 0.362031 0.369220 0.033931
40 0.250460 0.308546 0.110996 0.061537
44 0.359443 0.308834 0.109271 0.067863
43 0.459800 0.316023 0.097193 0.061537
41 0.556131 0.319473 0.089717 0.058086
81 0.305095 0.210490 0.124799 0.078215
81 0.425868 0.223718 0.119048 0.060962
81 0.538015 0.232919 0.108696 0.054060
81 0.646423 0.224868 0.119623 0.079365
81 0.347366 0.094605 0.121923 0.062687
81 0.464401 0.079365 0.106395 0.113872
81 0.565908 0.092880 0.102369 0.105245
81 0.198065 0.849694 0.124617 0.107909
81 0.317112 0.827068 0.116263 0.084935
81 0.388471 0.823935 0.030632 0.119048
81 0.413186 0.805834 0.022974 0.081454
81 0.442426 0.818017 0.024366 0.101643
81 0.465052 0.800961 0.018101 0.081454
81 0.498468 0.812100 0.034809 0.106516