13 0.192947 0.228212 0.041180 0.151243
13 0.149895 0.221099 0.041929 0.123540
12 0.228512 0.222597 0.038934 0.141509
12 0.277928 0.239443 0.028452 0.136268
11 0.328841 0.234202 0.059898 0.134771
11 0.386867 0.228212 0.053160 0.137766
9 0.456499 0.236074 0.024708 0.122043
8 0.522761 0.229709 0.017969 0.122791
7 0.546409 0.235494 0.030939 0.111077
7 0.594340 0.231944 0.036519 0.118178
15 0.630858 0.230422 0.021302 0.111077
15 0.660276 0.229408 0.018259 0.121221
14 0.709221 0.229915 0.034997 0.101948
16 0.695983 0.382836 0.017245 0.095354
17 0.654900 0.381822 0.021302 0.101440
18 0.619903 0.388923 0.021302 0.107527
18 0.581102 0.391459 0.023839 0.108541
5 0.542301 0.400335 0.026375 0.100933
5 0.509840 0.403885 0.029418 0.102962
21 0.468503 0.404139 0.017752 0.105498
21 0.420826 0.408704 0.028911 0.111584
24 0.379489 0.419355 0.033475 0.096368
23 0.340941 0.419608 0.030432 0.114121
23 0.304930 0.425695 0.026375 0.108034
27 0.258775 0.423920 0.044634 0.110570
23 0.222763 0.434064 0.023331 0.117671
23 0.189034 0.442433 0.029925 0.113106
40 0.218768 0.575186 0.113636 0.105775
49 0.321326 0.558676 0.098628 0.100772
43 0.407107 0.541384 0.089937 0.090566
41 0.493585 0.527862 0.076730 0.088679
96 0.564025 0.513082 0.076730 0.086792
56 0.633522 0.503333 0.069811 0.086164
55 0.699245 0.491384 0.065409 0.081132
38 0.760252 0.490755 0.062893 0.058491
45 0.322388 0.695634 0.097363 0.111877
49 0.420960 0.673258 0.109458 0.125181
46 0.512881 0.650883 0.076802 0.096154
46 0.585916 0.627415 0.075247 0.089286
50 0.661164 0.605234 0.079739 0.092093
48 0.736691 0.594845 0.062332 0.078055
47 0.791161 0.582491 0.054470 0.063455
33 0.840590 0.574927 0.047170 0.059869
37 0.827588 0.490868 0.056241 0.057450