84 0.683973 0.968364 0.023148 0.022046
84 0.536265 0.973325 0.022046 0.019841
84 0.378362 0.971671 0.021495 0.015432
84 0.205853 0.970569 0.030313 0.020944
84 0.757375 0.694044 0.026856 0.018038
84 0.583414 0.694845 0.027658 0.015633
84 0.446128 0.695046 0.028058 0.013628
84 0.302579 0.435061 0.025628 0.015294
84 0.280366 0.162468 0.033931 0.018979
84 0.670002 0.144065 0.033356 0.015528
84 0.271873 0.699641 0.028817 0.016062
84 0.170068 0.703420 0.028345 0.014172
47 0.709476 0.853475 0.182780 0.254329
46 0.531806 0.856481 0.168951 0.263949
45 0.368266 0.860991 0.152116 0.256133
38 0.206830 0.864899 0.165945 0.243506
44 0.161736 0.585919 0.074555 0.257937
43 0.276275 0.591029 0.148509 0.244108
41 0.424483 0.588624 0.151515 0.248918
55 0.571789 0.587121 0.151515 0.247114
56 0.726912 0.584115 0.158730 0.249519
81 0.284392 0.392015 0.141895 0.105820
81 0.432299 0.367665 0.149110 0.077561
81 0.580507 0.346922 0.152116 0.111833
81 0.733826 0.359848 0.156926 0.079966
81 0.169553 0.339707 0.092593 0.150313
81 0.303632 0.119348 0.194805 0.110029
81 0.664683 0.085077 0.172559 0.142496
81 0.487614 0.074555 0.170755 0.120250