84 0.717259 0.347762 0.028672 0.018498
84 0.719108 0.522568 0.034221 0.020348
84 0.725583 0.662690 0.032371 0.023122
84 0.593322 0.626156 0.026822 0.016648
84 0.596559 0.510081 0.031447 0.021273
84 0.602571 0.350074 0.023122 0.017573
84 0.431927 0.353311 0.022198 0.011099
84 0.375971 0.354236 0.021273 0.014798
84 0.321865 0.360710 0.016648 0.018498
84 0.512856 0.498983 0.028672 0.015723
84 0.424991 0.486496 0.021273 0.012949
84 0.350536 0.478172 0.024047 0.012949
84 0.453200 0.589623 0.016648 0.023122
84 0.370422 0.570662 0.019423 0.018498
84 0.305216 0.571587 0.020348 0.014798
84 0.648816 0.776915 0.028672 0.022198
84 0.500832 0.726970 0.023122 0.018498
84 0.384758 0.683037 0.024047 0.017573
84 0.288106 0.645579 0.019423 0.018498
56 0.716796 0.294580 0.110988 0.124861
49 0.609970 0.302904 0.095265 0.117462
41 0.522568 0.296892 0.081391 0.086940
43 0.444876 0.326489 0.070292 0.068442
44 0.385683 0.315390 0.055494 0.094340
40 0.325102 0.322327 0.052719 0.087865
81 0.734369 0.480947 0.116537 0.133185
81 0.617370 0.467074 0.098964 0.110988
81 0.277007 0.329726 0.050869 0.074917
81 0.230762 0.331576 0.030522 0.061968
81 0.195616 0.338513 0.034221 0.070292
81 0.162320 0.338975 0.032371 0.061968
81 0.252035 0.440252 0.039771 0.066593
81 0.210877 0.437477 0.035146 0.064743
81 0.176193 0.434702 0.026822 0.053644
81 0.142434 0.431465 0.029597 0.054569
81 0.141047 0.508694 0.026822 0.046245
38 0.518405 0.457362 0.093415 0.100814
37 0.425453 0.447651 0.073992 0.088790
39 0.354236 0.444414 0.070292 0.089715
56 0.297817 0.439327 0.049945 0.081391
47 0.720958 0.614595 0.123011 0.130411
48 0.600259 0.584998 0.092490 0.124861
46 0.511469 0.559101 0.077691 0.086016
46 0.435165 0.552627 0.074917 0.095265
46 0.371809 0.538291 0.057344 0.098039
50 0.314003 0.540603 0.058269 0.086016
49 0.250647 0.527192 0.059193 0.086940
45 0.204403 0.514243 0.040696 0.059193
45 0.170181 0.505919 0.036996 0.048095
33 0.726508 0.748983 0.108213 0.131336
33 0.625231 0.726785 0.077691 0.131336
32 0.543378 0.688864 0.074917 0.103589
32 0.472623 0.679153 0.073992 0.121162
53 0.406493 0.650481 0.060118 0.098964
51 0.352386 0.642157 0.049945 0.073067
31 0.308454 0.627359 0.047170 0.063818
31 0.265908 0.610248 0.034221 0.053644
31 0.228912 0.598687 0.037921 0.049020
31 0.193766 0.584813 0.030522 0.049020