81 0.958647 0.653370 0.051518 0.134364
81 0.916876 0.643275 0.045948 0.115567
81 0.876497 0.643623 0.038986 0.112086
81 0.839251 0.642231 0.038290 0.109301
81 0.771721 0.652673 0.029936 0.119048
81 0.739000 0.640490 0.027151 0.104428
81 0.707324 0.639794 0.026455 0.100251
81 0.678084 0.638402 0.026455 0.098858
81 0.645015 0.635617 0.031328 0.100251
81 0.617168 0.637357 0.021582 0.091200
81 0.540588 0.633914 0.029936 0.095303
81 0.509607 0.631925 0.023670 0.095104
81 0.481412 0.633180 0.024366 0.091200
81 0.447647 0.631092 0.026455 0.088415
81 0.419606 0.629287 0.021066 0.086714
81 0.389477 0.629777 0.018617 0.088673
81 0.345630 0.626102 0.018127 0.082305
81 0.308887 0.625122 0.022046 0.080345
81 0.283657 0.627572 0.018617 0.078385
81 0.260141 0.626347 0.018617 0.080835
81 0.237605 0.625122 0.018617 0.082305
81 0.210660 0.625857 0.016657 0.076916
81 0.191064 0.620958 0.012738 0.079855
81 0.165099 0.621693 0.017637 0.075446
81 0.131635 0.623827 0.041389 0.078512
81 0.085552 0.623613 0.031149 0.075525
81 0.039256 0.622120 0.035842 0.071685
81 0.988010 0.788957 0.021761 0.116914
81 0.937233 0.786184 0.045656 0.112221
81 0.889444 0.782130 0.035416 0.108380
81 0.847414 0.776370 0.040109 0.108807
81 0.802185 0.775303 0.039256 0.109234
81 0.755248 0.771676 0.039256 0.108807
81 0.712579 0.766982 0.036696 0.107954
81 0.673323 0.766769 0.034136 0.097286
81 0.634494 0.760582 0.033282 0.099420
81 0.595878 0.759302 0.031149 0.094299
81 0.560889 0.753968 0.027735 0.099846
81 0.524834 0.751408 0.033282 0.102407
81 0.490698 0.748208 0.029015 0.099420
81 0.456776 0.744154 0.028588 0.094726
81 0.422854 0.744368 0.021335 0.087472
81 0.392772 0.739034 0.021761 0.087899
81 0.365463 0.737541 0.020908 0.090032
81 0.335808 0.733914 0.023895 0.090459
81 0.308286 0.735620 0.018348 0.084485
81 0.282258 0.733700 0.021761 0.078085
81 0.255376 0.729220 0.023468 0.081925
81 0.228068 0.730287 0.021761 0.074671
81 0.203533 0.728153 0.022188 0.077232
81 0.179852 0.724526 0.014081 0.073391
81 0.160437 0.720046 0.012801 0.072111
81 0.122461 0.718766 0.039256 0.074671
81 0.076378 0.715992 0.042669 0.074245
81 0.028051 0.713145 0.036034 0.066138
81 0.879960 0.502315 0.068122 0.134259
81 0.815807 0.503638 0.057540 0.136905
81 0.753638 0.506944 0.050926 0.122354
81 0.526295 0.576198 0.015232 0.008418
81 0.335909 0.578704 0.013924 0.005918
71 0.687500 0.505622 0.060185 0.121032
71 0.627976 0.507937 0.053571 0.121693
72 0.569114 0.507275 0.054894 0.126984
72 0.515212 0.515542 0.042328 0.130291
70 0.465168 0.512015 0.046296 0.113536
70 0.415564 0.513393 0.042989 0.107474
73 0.368993 0.512291 0.041336 0.109678
73 0.323523 0.520558 0.040785 0.126213
93 0.282187 0.515873 0.037478 0.104718
93 0.243331 0.517251 0.033620 0.106371
92 0.171131 0.520558 0.038029 0.098655
94 0.132000 0.520833 0.032518 0.100309
94 0.100309 0.523038 0.025353 0.092593
91 0.066689 0.523313 0.029762 0.090939
91 0.030037 0.524140 0.032518 0.091490
81 0.953704 0.499339 0.066138 0.136243