49 0.275472 0.535928 0.149371 0.029088
49 0.275865 0.569340 0.148585 0.033019
49 0.277044 0.601572 0.147799 0.034591
45 0.404009 0.541431 0.106132 0.027516
45 0.405582 0.569340 0.104560 0.026730
45 0.406761 0.597642 0.103774 0.028302
45 0.580896 0.750393 0.079403 0.016509
45 0.583255 0.765723 0.076258 0.015723
45 0.584434 0.784198 0.083333 0.018082
45 0.582469 0.799921 0.080975 0.019654
45 0.586006 0.816431 0.078616 0.021226
47 0.262873 0.668436 0.132665 0.029481
47 0.263365 0.702830 0.129717 0.029481
47 0.264347 0.727889 0.129717 0.030464
48 0.382272 0.660574 0.113994 0.033412
48 0.387677 0.689564 0.124803 0.032429
48 0.386203 0.714131 0.121855 0.032429
46 0.513954 0.538031 0.110063 0.026533
46 0.514446 0.564072 0.107115 0.027516
46 0.512972 0.590114 0.108097 0.028498
46 0.617630 0.533117 0.105149 0.026533
46 0.618612 0.561124 0.105149 0.025550
46 0.619104 0.588149 0.102201 0.026533
50 0.713443 0.524764 0.094340 0.035377
50 0.727693 0.555719 0.113011 0.026533
50 0.724253 0.580287 0.104167 0.030464
40 0.249607 0.291863 0.119890 0.029481
40 0.250590 0.321836 0.112028 0.026533
40 0.251572 0.351808 0.110063 0.027516
86 0.377850 0.365566 0.368514 0.047170
44 0.356722 0.289898 0.106132 0.035377
44 0.361144 0.323310 0.103184 0.031447
41 0.556211 0.306112 0.096305 0.028498
41 0.557193 0.336085 0.092374 0.027516
41 0.555719 0.359178 0.089426 0.028498
42 0.650550 0.309061 0.090409 0.028498
42 0.646619 0.337559 0.088443 0.024568
42 0.646619 0.360161 0.086478 0.022602
42 0.735063 0.338542 0.084513 0.022602
42 0.733589 0.362618 0.089426 0.021619
43 0.458923 0.302182 0.098270 0.026533
43 0.459414 0.329206 0.093357 0.025550
55 0.258943 0.418632 0.114976 0.031447
55 0.258943 0.448899 0.111046 0.031447
55 0.260417 0.478381 0.113994 0.027516
56 0.364583 0.419418 0.102201 0.029481
56 0.366057 0.450373 0.103184 0.028498
56 0.368023 0.478381 0.103184 0.027516
39 0.474646 0.417453 0.110063 0.021619
39 0.477594 0.436124 0.115959 0.021619
39 0.478577 0.457744 0.115959 0.025550
37 0.584709 0.417453 0.108097 0.019654
37 0.591097 0.437107 0.109080 0.015723
37 0.592571 0.454796 0.110063 0.019654
38 0.692807 0.415487 0.106132 0.015723
38 0.695263 0.436616 0.099253 0.018671
38 0.696737 0.456270 0.098270 0.016706
53 0.636301 0.635122 0.087461 0.022602
53 0.637775 0.655267 0.082547 0.019654
53 0.638758 0.677378 0.084513 0.022602
53 0.639249 0.698506 0.077634 0.023585
81 0.495774 0.793337 0.034395 0.097288
81 0.466785 0.796285 0.031447 0.089426
81 0.440252 0.800708 0.033412 0.094340
81 0.413227 0.802673 0.028498 0.090409
81 0.387186 0.803656 0.033412 0.108097
81 0.315939 0.794811 0.120873 0.033412
81 0.316431 0.823801 0.115959 0.030464
81 0.317414 0.848860 0.115959 0.029481
81 0.197524 0.806112 0.125786 0.034395
81 0.197524 0.834120 0.121855 0.039308
81 0.198998 0.865075 0.118907 0.032429
81 0.638267 0.200767 0.109080 0.030464
81 0.645145 0.225825 0.105149 0.029481
81 0.647602 0.256289 0.104167 0.023585
81 0.536065 0.223369 0.113011 0.024568
81 0.540979 0.250393 0.109080 0.025550
81 0.425511 0.211085 0.113994 0.029481
81 0.425511 0.242040 0.113994 0.028498
81 0.303164 0.185043 0.120873 0.030464
81 0.307095 0.208628 0.120873 0.038325
81 0.306604 0.234178 0.131682 0.034395
46 0.458333 0.677018 0.026205 0.093029
46 0.479953 0.673742 0.024895 0.096960
46 0.500917 0.674397 0.024895 0.100891
46 0.523192 0.670466 0.030136 0.098270
46 0.543501 0.670466 0.023585 0.087788
48 0.565121 0.668501 0.022275 0.096960
48 0.586740 0.667191 0.023585 0.099581
47 0.628858 0.778770 0.016534 0.079365
32 0.680115 0.743221 0.082672 0.023699
32 0.679288 0.763062 0.082121 0.022597
32 0.677910 0.782628 0.082672 0.022046
32 0.679563 0.805225 0.079365 0.023148