81 0.168676 0.280573 0.084731 0.020964
81 0.253843 0.280573 0.080363 0.020964
81 0.174790 0.301537 0.077743 0.019217
81 0.256901 0.301974 0.081237 0.018344
81 0.174790 0.320755 0.082984 0.020964
81 0.257338 0.321628 0.080363 0.013976
40 0.331695 0.281840 0.071410 0.019654
40 0.332351 0.300839 0.071410 0.020964
40 0.333006 0.321148 0.068789 0.018344
44 0.404743 0.278236 0.074686 0.020309
44 0.404743 0.300183 0.072065 0.019654
44 0.404416 0.319838 0.071410 0.018344
44 0.476481 0.276599 0.072720 0.019654
44 0.477463 0.298873 0.072065 0.020964
44 0.476481 0.320820 0.070100 0.022930
43 0.549201 0.282495 0.071410 0.020964
43 0.548546 0.301166 0.072720 0.020309
43 0.548218 0.320820 0.070755 0.017689
43 0.619955 0.282822 0.071410 0.020309
43 0.618973 0.303459 0.069444 0.020964
43 0.619955 0.322458 0.070100 0.020964
41 0.690710 0.285115 0.068789 0.020964
41 0.689727 0.303459 0.070755 0.022275
41 0.688745 0.323113 0.071410 0.019654
42 0.759499 0.248755 0.071410 0.016378
42 0.761137 0.265461 0.072065 0.013103
42 0.762448 0.283150 0.073375 0.019654
42 0.760810 0.305425 0.071410 0.020964
42 0.761137 0.323768 0.070755 0.019654
55 0.332571 0.366781 0.072422 0.019059
55 0.333286 0.386078 0.072899 0.020488
55 0.332571 0.405613 0.072422 0.019535
56 0.404279 0.366781 0.071946 0.021917
56 0.404279 0.385840 0.070993 0.020011
56 0.404517 0.405613 0.070516 0.017629
56 0.474795 0.368210 0.070040 0.019059
56 0.474080 0.387031 0.068611 0.020488
56 0.474795 0.407519 0.070993 0.020488
39 0.552459 0.365113 0.085287 0.014770
39 0.552459 0.377501 0.084334 0.015723
39 0.551029 0.392034 0.085287 0.016200
39 0.552697 0.407519 0.082905 0.018582
37 0.637196 0.364941 0.083454 0.014514
37 0.636201 0.377838 0.083632 0.014934
37 0.635347 0.393412 0.082779 0.014508
37 0.634281 0.406853 0.080645 0.014081
38 0.720899 0.365677 0.084059 0.016214
38 0.719833 0.379758 0.085339 0.013654
38 0.718126 0.395545 0.083632 0.014508
38 0.718553 0.408986 0.087046 0.014081
50 0.750539 0.446306 0.084264 0.019596
50 0.753723 0.466882 0.088673 0.021556
50 0.753723 0.486723 0.087694 0.020086
50 0.753233 0.510239 0.085734 0.021066
49 0.660756 0.445809 0.090526 0.019428
49 0.662202 0.466063 0.092593 0.019428
49 0.663029 0.487145 0.093419 0.020255
49 0.662202 0.508846 0.092593 0.021495
49 0.568783 0.446015 0.095073 0.019841
49 0.567750 0.466477 0.093006 0.022735
49 0.568370 0.487351 0.092593 0.019015
49 0.568783 0.509053 0.093419 0.021908
45 0.485284 0.450976 0.071098 0.019841
45 0.484871 0.469163 0.071925 0.019841
45 0.485284 0.488798 0.072751 0.018601
45 0.484664 0.509259 0.072338 0.019841
45 0.411500 0.450562 0.073991 0.019015
45 0.411706 0.469163 0.072751 0.019015
45 0.412533 0.488798 0.073578 0.020255
45 0.412533 0.507812 0.071925 0.017774
45 0.338128 0.450976 0.072751 0.019015
45 0.338748 0.469990 0.071511 0.019841
45 0.339988 0.488798 0.070685 0.019428
45 0.339782 0.507399 0.072751 0.021081
81 0.172141 0.443857 0.087081 0.026455
81 0.258304 0.442754 0.085979 0.016902
81 0.174897 0.467556 0.085979 0.016534
81 0.258855 0.467005 0.086346 0.013962
81 0.261611 0.485744 0.085979 0.022046
81 0.175999 0.484274 0.084509 0.024250
81 0.175632 0.506687 0.084509 0.024250
81 0.260876 0.507422 0.083774 0.023516
48 0.754746 0.552832 0.076253 0.019452
48 0.753579 0.572284 0.078587 0.016340
48 0.753579 0.589791 0.073918 0.014006
48 0.753579 0.609244 0.077031 0.020230
48 0.311236 0.650482 0.077809 0.017118
48 0.311625 0.669546 0.078587 0.016340
48 0.312792 0.688609 0.077809 0.015562
48 0.312014 0.707283 0.077809 0.018674
31 0.585512 0.759804 0.053688 0.014784
31 0.585162 0.772642 0.054544 0.012449
31 0.584215 0.782828 0.055716 0.012827
31 0.584816 0.794452 0.056918 0.010422
31 0.584015 0.806077 0.056918 0.012025
31 0.528098 0.758578 0.055716 0.014029
31 0.528098 0.772206 0.055716 0.011624
31 0.527497 0.783229 0.056918 0.010422
31 0.527096 0.796657 0.055315 0.010021
31 0.526696 0.807680 0.055315 0.012827
33 0.467973 0.761785 0.062129 0.012426
33 0.466771 0.777016 0.062931 0.013228
33 0.467773 0.792047 0.062530 0.014430
33 0.466971 0.807079 0.060927 0.014831
33 0.401836 0.762185 0.062129 0.015633
33 0.402637 0.776816 0.062931 0.012025
33 0.403439 0.792649 0.062931 0.012426
33 0.403840 0.808682 0.059724 0.015633
32 0.337502 0.762586 0.061728 0.015633
32 0.339306 0.777217 0.063733 0.013628
32 0.340308 0.791446 0.060927 0.014831
32 0.342913 0.807680 0.061328 0.014430
34 0.382653 0.663738 0.066138 0.016062
34 0.384543 0.681217 0.062358 0.015117
34 0.385960 0.695389 0.067082 0.015117
34 0.384070 0.709562 0.067082 0.013228
34 0.447846 0.663265 0.064248 0.015117
34 0.450680 0.680272 0.064248 0.015117
34 0.450680 0.696334 0.060469 0.015117
34 0.450208 0.709562 0.063303 0.015117
53 0.512566 0.645786 0.065193 0.014172
53 0.513039 0.664210 0.062358 0.020786
53 0.514456 0.681217 0.061413 0.015117
53 0.513983 0.695862 0.062358 0.014172
53 0.513511 0.712396 0.061413 0.017007
51 0.573531 0.663411 0.058337 0.013567
51 0.573192 0.677147 0.056302 0.011871
51 0.574040 0.688000 0.055963 0.011193
51 0.573701 0.699193 0.056641 0.013906
51 0.574210 0.711572 0.055623 0.013567
51 0.643298 0.756834 0.054674 0.014550
51 0.640653 0.770503 0.056437 0.011905
51 0.641093 0.781746 0.054674 0.014109
51 0.640873 0.794312 0.055996 0.011023
51 0.640653 0.806437 0.056437 0.012346
51 0.696649 0.771164 0.055556 0.011464
51 0.696208 0.782628 0.058201 0.011464
51 0.695988 0.794092 0.056878 0.012346
51 0.695988 0.806658 0.056878 0.011023
51 0.753732 0.771447 0.052438 0.014172
51 0.752551 0.782313 0.052910 0.011338
51 0.752551 0.794596 0.056689 0.011338
51 0.752315 0.807587 0.055272 0.012755
36 0.637464 0.664428 0.064103 0.018315
36 0.635684 0.680708 0.065629 0.016280
36 0.636193 0.694953 0.067664 0.015263
36 0.634921 0.711488 0.065120 0.014754
36 0.702839 0.665446 0.065629 0.016280
36 0.702330 0.681726 0.064611 0.017298
36 0.700804 0.695716 0.063594 0.014754
36 0.699532 0.709707 0.064103 0.017298
45 0.764608 0.676041 0.060386 0.013228
45 0.762020 0.691569 0.054060 0.013228
45 0.762882 0.699333 0.054635 0.010352
45 0.760870 0.712273 0.052910 0.013228
47 0.676440 0.554270 0.075691 0.018004
47 0.678461 0.571171 0.075323 0.018739
47 0.676257 0.590094 0.074588 0.018372
47 0.676073 0.609568 0.074956 0.019841
47 0.599464 0.551514 0.077528 0.019106
47 0.600015 0.571355 0.077895 0.020576
47 0.598729 0.590645 0.077528 0.017269
47 0.599647 0.609568 0.077160 0.019106
46 0.212008 0.551881 0.077160 0.020576
46 0.211640 0.571371 0.079365 0.017828
46 0.213941 0.590062 0.080515 0.018403
46 0.215091 0.609041 0.077065 0.018403
46 0.289855 0.552392 0.075914 0.016678
46 0.290718 0.570796 0.075339 0.015528
46 0.289855 0.588337 0.077065 0.019554
46 0.290430 0.608466 0.077065 0.014953
46 0.368357 0.552680 0.078790 0.019554
46 0.365769 0.571659 0.077065 0.018403
46 0.367495 0.589775 0.078215 0.018979
46 0.367207 0.608178 0.078790 0.016678
46 0.443984 0.552392 0.077065 0.017828
46 0.444559 0.572234 0.078215 0.019554
46 0.444847 0.590637 0.076490 0.018403
46 0.444847 0.608466 0.078790 0.019554
46 0.522199 0.552392 0.075914 0.017828
46 0.522199 0.571659 0.078215 0.019554
46 0.522774 0.589199 0.074764 0.017828
46 0.521624 0.610191 0.075914 0.018403
81 0.234127 0.663029 0.068783 0.016534
81 0.232804 0.681548 0.068783 0.013889
81 0.233135 0.696759 0.069444 0.011243
81 0.232804 0.710979 0.068783 0.014550
81 0.264826 0.760306 0.078814 0.024802
81 0.263172 0.781250 0.077712 0.019290
81 0.266479 0.803737 0.073302 0.016204
81 0.182400 0.756753 0.084935 0.023670
81 0.185185 0.782860 0.084935 0.022974
81 0.184837 0.802353 0.082846 0.018797
81 0.158730 0.655151 0.065359 0.015562
81 0.157174 0.672658 0.059135 0.016340
81 0.157563 0.692499 0.064581 0.014006
81 0.158341 0.708061 0.069250 0.018674