81 0.774603 0.178307 0.058201 0.114286
81 0.714815 0.179365 0.056085 0.118519
81 0.655820 0.180952 0.059788 0.117460
81 0.597619 0.180688 0.058730 0.117989
81 0.541534 0.186508 0.055556 0.111640
81 0.483862 0.180952 0.051323 0.122751
81 0.426190 0.181481 0.059788 0.125926
81 0.365608 0.181481 0.062434 0.124868
81 0.297354 0.182540 0.065608 0.130159
81 0.230688 0.183598 0.066667 0.128042
81 0.165344 0.183659 0.068173 0.129223
81 0.219526 0.330179 0.056471 0.102768
81 0.277269 0.326363 0.059015 0.111416
81 0.342389 0.322293 0.059015 0.114469
81 0.404711 0.315425 0.058506 0.042735
81 0.403439 0.357397 0.056980 0.039174
81 0.171958 0.446796 0.073486 0.097982
81 0.245444 0.446796 0.066627 0.097982
81 0.315011 0.443612 0.076426 0.101411
81 0.393641 0.429159 0.084754 0.043112
81 0.398050 0.469822 0.093572 0.043112
81 0.243056 0.560847 0.069444 0.100529
81 0.312831 0.560516 0.067460 0.098545
81 0.394841 0.543651 0.095238 0.043651
81 0.394511 0.586971 0.095899 0.041667
81 0.470569 0.484788 0.053571 0.126984
81 0.522156 0.484127 0.046958 0.128307
81 0.569775 0.480489 0.046958 0.130291
81 0.605489 0.493386 0.028439 0.103175
81 0.640212 0.494378 0.038360 0.106481
81 0.677579 0.493056 0.033730 0.105159
81 0.713624 0.489749 0.037037 0.107804
81 0.745040 0.490741 0.029762 0.108466
81 0.773148 0.491071 0.029101 0.106481
81 0.803241 0.489418 0.033730 0.105820
89 0.758598 0.488757 0.121693 0.108466
89 0.643849 0.491733 0.103836 0.106481
89 0.519841 0.485119 0.144180 0.130291
89 0.398479 0.447192 0.086640 0.326618
89 0.310847 0.320437 0.120370 0.117063
89 0.283399 0.506334 0.138228 0.212403
89 0.230489 0.677249 0.162037 0.096561
89 0.376653 0.672288 0.130291 0.098545
89 0.635913 0.628968 0.372354 0.101852
81 0.468254 0.629960 0.041005 0.105159
81 0.506283 0.631614 0.039021 0.101852
81 0.544974 0.631283 0.034392 0.099868
81 0.583003 0.630291 0.040344 0.097884
81 0.621693 0.630291 0.042328 0.100529
81 0.664683 0.629299 0.039683 0.099868
81 0.707341 0.628307 0.044312 0.099206
81 0.750331 0.627976 0.041667 0.098545
81 0.798611 0.625331 0.045635 0.098545
81 0.410998 0.673973 0.066138 0.095742
81 0.341711 0.673658 0.064878 0.096372
81 0.273998 0.674288 0.076846 0.096372
81 0.191169 0.678068 0.076216 0.096372
81 0.231167 0.802154 0.099521 0.101411
81 0.336357 0.795540 0.091963 0.103301
81 0.435878 0.811917 0.107080 0.068027
81 0.542958 0.810658 0.099521 0.064248
88 0.773640 0.204518 0.046805 0.033917
88 0.716490 0.206383 0.040361 0.037648
88 0.654931 0.210114 0.038665 0.038326
88 0.597951 0.211301 0.042057 0.034595
88 0.538936 0.214523 0.040700 0.027473
88 0.478734 0.205196 0.044431 0.026455
88 0.424807 0.204857 0.047144 0.026455
88 0.364435 0.203161 0.041718 0.018993
88 0.293888 0.204857 0.044431 0.016280
88 0.338828 0.349681 0.044092 0.019672
88 0.402930 0.328822 0.040022 0.013228
88 0.404457 0.371727 0.037648 0.012210
88 0.316273 0.428538 0.039683 0.026794
88 0.310168 0.540632 0.045109 0.027133
88 0.237302 0.427513 0.047090 0.025397
88 0.242063 0.540741 0.050265 0.030688
88 0.183862 0.662169 0.069312 0.041799
88 0.267989 0.656878 0.068254 0.044974
88 0.468783 0.641799 0.028571 0.023280
88 0.508201 0.639418 0.028042 0.018519
88 0.542857 0.637831 0.024339 0.019577
88 0.584392 0.637302 0.029101 0.019577
88 0.622751 0.638624 0.025397 0.021164
88 0.664021 0.639418 0.030688 0.020635
88 0.710847 0.639153 0.031217 0.019048
88 0.753704 0.637302 0.029101 0.019577
88 0.800529 0.633862 0.028571 0.019048
88 0.206286 0.343285 0.030864 0.025195
88 0.224105 0.204009 0.040191 0.015263
88 0.150336 0.207825 0.039174 0.017806
88 0.459105 0.515046 0.027557 0.014881
70 0.475309 0.330247 0.058201 0.130511
70 0.533730 0.331129 0.057760 0.127866
70 0.590608 0.332231 0.055115 0.124780
74 0.649250 0.328483 0.058642 0.125220
73 0.710317 0.328483 0.059965 0.126102
73 0.775573 0.327160 0.062610 0.127866
75 0.522751 0.732804 0.113228 0.049735
79 0.636772 0.729365 0.112698 0.051323
73 0.747354 0.727778 0.117989 0.054497
76 0.652910 0.812963 0.099471 0.062963
77 0.761905 0.828042 0.115344 0.043386
