73 0.659906 0.741231 0.065648 0.142073
73 0.592299 0.746865 0.060749 0.164119
84 0.609002 0.819391 0.016088 0.009295
84 0.524811 0.753253 0.068640 0.154440
84 0.502288 0.819927 0.018590 0.008223
84 0.351780 0.820285 0.020020 0.009653
84 0.573308 0.645537 0.019493 0.010095
84 0.344786 0.648496 0.019145 0.009747
84 0.455571 0.656124 0.042795 0.015173
70 0.524554 0.754382 0.068618 0.156250
70 0.464823 0.748181 0.060764 0.128968
74 0.400959 0.742187 0.058697 0.138476
74 0.341022 0.752521 0.060351 0.153356
71 0.670883 0.565683 0.064484 0.145916
71 0.599785 0.574570 0.075231 0.157903
71 0.545842 0.572503 0.073991 0.160384
71 0.474744 0.564029 0.061591 0.135995
72 0.412740 0.564236 0.060764 0.138062
72 0.355696 0.579530 0.043403 0.156250
81 0.651455 0.389592 0.062831 0.146743
81 0.588004 0.399099 0.061591 0.156663
84 0.594205 0.469990 0.021081 0.009921
89 0.623967 0.398065 0.131862 0.164517
81 0.523520 0.393725 0.062417 0.144263
81 0.461516 0.401372 0.069858 0.160384
84 0.486318 0.473090 0.020255 0.008681
81 0.398892 0.393932 0.055390 0.147983
81 0.350529 0.394139 0.044643 0.145089
81 0.738467 0.378638 0.064897 0.179398
84 0.739214 0.456349 0.019333 0.007123
81 0.811425 0.370784 0.068618 0.157077
81 0.862150 0.370134 0.025510 0.155423
89 0.789635 0.378874 0.169596 0.173847
81 0.853647 0.190146 0.043462 0.132748
81 0.805225 0.190854 0.059996 0.132275
81 0.743811 0.201483 0.059051 0.146920
84 0.749559 0.266077 0.023742 0.009836
81 0.689216 0.213887 0.042792 0.134565
81 0.653935 0.198137 0.039131 0.127315
81 0.603230 0.208609 0.044643 0.133929
81 0.555831 0.198137 0.049052 0.119599
81 0.511464 0.203649 0.042989 0.110780
81 0.480324 0.223490 0.043541 0.131724
84 0.484733 0.275849 0.054563 0.018188
81 0.433752 0.218530 0.038580 0.132826
84 0.435406 0.272817 0.030864 0.014330
84 0.383598 0.274195 0.027557 0.010472
81 0.376157 0.232033 0.040234 0.105820
81 0.322972 0.217152 0.044092 0.139991
84 0.328992 0.277269 0.020350 0.009158
89 0.491522 0.399531 0.125661 0.161736
89 0.374278 0.400433 0.105219 0.164743
89 0.673100 0.137686 0.083574 0.275372
89 0.583213 0.139190 0.092593 0.278379
89 0.511364 0.133778 0.045094 0.266354
89 0.438612 0.133778 0.101611 0.266354
89 0.365260 0.135582 0.055916 0.267557
89 0.313552 0.142797 0.057119 0.280784
81 0.851285 0.044407 0.041572 0.088813
81 0.803571 0.043462 0.046296 0.086924
81 0.743575 0.045824 0.056689 0.087868
81 0.696334 0.046769 0.043462 0.089758
81 0.648148 0.049131 0.047241 0.092593
81 0.605159 0.050076 0.040627 0.098262
81 0.555083 0.048658 0.048186 0.097316
81 0.509732 0.051493 0.046296 0.102986
81 0.464853 0.051020 0.049131 0.102040
81 0.413360 0.051020 0.051965 0.102040
81 0.359033 0.051493 0.049131 0.101096
81 0.308957 0.055272 0.047241 0.106765
81 0.265023 0.053382 0.031179 0.101096
81 0.237623 0.052910 0.019841 0.102041
81 0.209278 0.055272 0.023621 0.102986
81 0.185658 0.055272 0.025510 0.108655
81 0.157785 0.057162 0.026455 0.110544
81 0.133220 0.058107 0.020786 0.116213
81 0.278250 0.213530 0.021731 0.109599
81 0.248016 0.213057 0.031179 0.112434
81 0.222978 0.212113 0.024565 0.118103
81 0.195578 0.214947 0.028345 0.116213
81 0.167234 0.217782 0.024565 0.118103
81 0.139834 0.213057 0.028345 0.114324
81 0.288171 0.353364 0.026455 0.119048
81 0.257937 0.354781 0.030234 0.118103
81 0.227230 0.353364 0.033069 0.126606
81 0.194161 0.354781 0.034958 0.127551
81 0.165344 0.354308 0.028345 0.124717
81 0.137472 0.354781 0.025510 0.129441
81 0.163927 0.493197 0.044407 0.117158
81 0.205971 0.490363 0.039683 0.119048
81 0.251323 0.493197 0.043462 0.124717
81 0.262188 0.625000 0.044407 0.114324
81 0.215420 0.626417 0.043462 0.119048
81 0.171958 0.624528 0.041572 0.124717
81 0.135110 0.625000 0.022676 0.116213
81 0.276833 0.755858 0.045351 0.122827
81 0.231009 0.758220 0.046296 0.119992
81 0.185658 0.761054 0.042517 0.116213
81 0.145030 0.761054 0.034958 0.121882
81 0.286281 0.902305 0.064248 0.132275
81 0.215892 0.905140 0.070862 0.126606
81 0.149282 0.903723 0.052910 0.133220
89 0.215892 0.902778 0.205026 0.133220
89 0.211168 0.692082 0.172902 0.250378
89 0.182351 0.496504 0.086924 0.116213
89 0.205971 0.209751 0.164399 0.415722
89 0.789242 0.545267 0.169018 0.138154
81 0.843621 0.540858 0.063198 0.142563
81 0.783730 0.542328 0.047766 0.120517
81 0.731555 0.542328 0.052175 0.126396
