81 0.348742 0.134958 0.126834 0.269916
88 0.346122 0.192610 0.095388 0.086478
81 0.483438 0.152516 0.120545 0.300839
84 0.458434 0.294912 0.026205 0.012498
88 0.481616 0.208031 0.091921 0.090308
81 0.601831 0.143590 0.118387 0.264983
88 0.594201 0.206484 0.082778 0.087403
81 0.721829 0.156250 0.117925 0.311190
88 0.723467 0.219143 0.091064 0.091064
84 0.727705 0.303177 0.027415 0.016126
81 0.814364 0.168797 0.086224 0.228241
88 0.808024 0.239805 0.068472 0.076080
71 0.273307 0.462079 0.132260 0.284869
71 0.397244 0.486312 0.137810 0.332963
84 0.359619 0.637478 0.026609 0.012095
71 0.528127 0.465671 0.122292 0.280398
73 0.655224 0.467418 0.126660 0.269916
73 0.772901 0.485371 0.117583 0.314465
73 0.732194 0.633945 0.027197 0.014448
72 0.265645 0.786950 0.131289 0.273585
72 0.388286 0.820755 0.126572 0.330189
84 0.343731 0.968351 0.027896 0.014202
70 0.510854 0.785758 0.107527 0.258673
70 0.628092 0.804822 0.119497 0.329140
84 0.642121 0.955320 0.027952 0.012666
70 0.745185 0.779088 0.113011 0.267296
70 0.837050 0.780017 0.077187 0.270154

84 0.641463 0.955142 0.024510 0.013873
84 0.344340 0.969941 0.025897 0.013873
84 0.360294 0.637671 0.027284 0.011561
84 0.732566 0.631659 0.027284 0.011561
84 0.457591 0.297213 0.026642 0.010919
84 0.729036 0.305294 0.027952 0.009609
90 0.401258 0.484277 0.383648 0.327044
90 0.735377 0.485063 0.278302 0.312893
90 0.460220 0.152516 0.385220 0.301887
90 0.324214 0.815252 0.242138 0.328616
90 0.660692 0.802673 0.418239 0.316038
90 0.717296 0.157233 0.119497 0.314465
88 0.333648 0.175314 0.106918 0.099057
88 0.476730 0.202044 0.103774 0.070755
88 0.590723 0.195755 0.086478 0.083333
88 0.718868 0.205975 0.100629 0.066038