81 0.346809 0.551835 0.141369 0.346396
81 0.196759 0.569196 0.142196 0.283565
81 0.236028 0.166997 0.090112 0.286045
81 0.157490 0.167824 0.063657 0.289352
81 0.243469 0.160384 0.090112 0.299272
81 0.340608 0.181465 0.077712 0.273644
81 0.427827 0.179812 0.081845 0.285218
81 0.517526 0.187252 0.089286 0.267030
81 0.605985 0.182705 0.095899 0.276124
81 0.701058 0.187252 0.094246 0.271991
81 0.790757 0.186425 0.091766 0.262070
88 0.227761 0.200066 0.048776 0.074405
88 0.344742 0.202960 0.056217 0.060351
88 0.419974 0.197173 0.054563 0.052083
88 0.147156 0.198413 0.046296 0.069444
88 0.516700 0.186425 0.066138 0.058697
88 0.609706 0.186839 0.071925 0.051257
88 0.325728 0.631614 0.090939 0.044643
88 0.172784 0.572090 0.097553 0.084325
88 0.703602 0.213675 0.078348 0.103785
88 0.795177 0.211640 0.076313 0.103785
89 0.205535 0.164326 0.160765 0.289988
89 0.386142 0.181624 0.165853 0.283883
89 0.562169 0.183150 0.176028 0.274725
89 0.762617 0.185185 0.218763 0.262515
71 0.498067 0.546398 0.151608 0.368335
71 0.658323 0.550977 0.150590 0.353073
72 0.806878 0.552503 0.136345 0.362230
