72 0.391566 0.236411 0.119609 0.321204
84 0.348250 0.392275 0.022577 0.012095
72 0.269119 0.214780 0.128931 0.298742
70 0.516921 0.222372 0.124289 0.289009
70 0.639338 0.238844 0.122043 0.327942
84 0.649961 0.392820 0.026861 0.013103
70 0.758962 0.218553 0.108491 0.305031
70 0.846331 0.228512 0.054507 0.280922
77 0.364649 0.535395 0.217505 0.145214
84 0.348532 0.595621 0.028535 0.016306
84 0.550911 0.595532 0.024398 0.013012
75 0.581815 0.538061 0.215246 0.136630
75 0.785490 0.532570 0.184187 0.141509
76 0.387916 0.716195 0.244834 0.162848
81 0.621968 0.724768 0.223869 0.220126
84 0.610023 0.822045 0.032656 0.012095
88 0.600298 0.706471 0.140682 0.033929
