73 0.230537 0.345333 0.136054 0.322184
84 0.220144 0.481387 0.049131 0.029289
74 0.358088 0.327853 0.124717 0.264550
72 0.479497 0.323129 0.116213 0.273998
72 0.596655 0.328326 0.108655 0.254157
71 0.713341 0.327853 0.102041 0.247543
70 0.824358 0.320767 0.104875 0.254157
84 0.347222 0.797902 0.025510 0.021731
84 0.524376 0.786092 0.028345 0.015117
84 0.650038 0.770975 0.024565 0.013228
84 0.802154 0.757748 0.020786 0.020786
81 0.234788 0.666100 0.082200 0.215420
81 0.316988 0.682634 0.082200 0.280612
81 0.376512 0.644841 0.055745 0.195578
81 0.440287 0.650510 0.066138 0.195578
81 0.508787 0.675076 0.070862 0.248488
81 0.649565 0.667045 0.034958 0.230537
81 0.607048 0.644841 0.063303 0.191799
81 0.562642 0.636338 0.033069 0.182351
77 0.780896 0.667517 0.186130 0.201247
88 0.612027 0.665446 0.043753 0.030525
88 0.505020 0.666463 0.050875 0.021707
88 0.442104 0.668668 0.042396 0.021368
88 0.378680 0.603717 0.030186 0.027812
88 0.307151 0.611772 0.045518 0.026844
81 0.711488 0.865130 0.113451 0.148046
88 0.701821 0.892603 0.059524 0.042226
81 0.594984 0.891840 0.110399 0.152625
88 0.604396 0.907865 0.069190 0.055454
81 0.486620 0.905830 0.097171 0.143976
88 0.495523 0.911427 0.070208 0.053419
81 0.381309 0.916005 0.100224 0.154151
88 0.385633 0.938390 0.076313 0.059524
81 0.267857 0.923535 0.114469 0.152930
88 0.278795 0.945258 0.078348 0.057998
88 0.230852 0.621693 0.032124 0.031494
89 0.475876 0.651927 0.137944 0.188964
89 0.608151 0.642794 0.125346 0.198413
89 0.320925 0.916163 0.222348 0.166919
89 0.542958 0.899156 0.221718 0.148022
