89 0.574735 0.182480 0.596561 0.309644
89 0.773148 0.451058 0.173280 0.140212
89 0.413360 0.423280 0.260582 0.177249
89 0.270503 0.611772 0.284392 0.218254
89 0.503307 0.726190 0.157407 0.410053
89 0.269180 0.831349 0.289683 0.218254
89 0.724206 0.850529 0.300265 0.238095
81 0.826720 0.170304 0.092593 0.305886
81 0.715939 0.162864 0.128968 0.269511
81 0.592345 0.185185 0.123181 0.294312
81 0.465443 0.166171 0.112434 0.266204
81 0.338128 0.168237 0.122354 0.270337
81 0.197999 0.402612 0.136409 0.142196
81 0.340608 0.403853 0.128968 0.147983
81 0.472884 0.422454 0.183532 0.191799
81 0.619626 0.458416 0.114914 0.171131
81 0.729167 0.467097 0.089286 0.089286
81 0.821759 0.469163 0.095899 0.086806
81 0.496032 0.619213 0.148810 0.219907
81 0.343502 0.602265 0.156250 0.187665
81 0.193866 0.613013 0.133102 0.225694
81 0.652282 0.636987 0.132275 0.187665
81 0.197173 0.829613 0.151290 0.227348
81 0.338542 0.814732 0.172784 0.177745
81 0.499339 0.825893 0.153770 0.188492
81 0.674190 0.851521 0.219081 0.231481
81 0.824653 0.836227 0.100033 0.192626
88 0.839947 0.213294 0.072751 0.081019
88 0.708912 0.212880 0.086806 0.048776
88 0.579117 0.212054 0.095073 0.050430
88 0.461723 0.214947 0.080192 0.049603
88 0.335648 0.212054 0.084325 0.057044
88 0.196346 0.389798 0.103340 0.071925
88 0.161210 0.234375 0.069444 0.047123
88 0.340608 0.383598 0.115741 0.074405
88 0.486938 0.386078 0.115741 0.071098
88 0.622933 0.429067 0.096726 0.052910
88 0.178158 0.586971 0.086806 0.082672
88 0.350116 0.590691 0.103340 0.068618
88 0.493552 0.598132 0.133929 0.100033
88 0.178158 0.808118 0.103340 0.075231
88 0.325728 0.808118 0.115741 0.083499
88 0.488591 0.818452 0.128968 0.110780
88 0.666749 0.799024 0.171131 0.090112
88 0.831680 0.797784 0.085979 0.094246
81 0.162450 0.245949 0.076885 0.121528
