72 0.709509 0.509627 0.121252 0.266755
72 0.583113 0.529835 0.121252 0.296884
70 0.454879 0.518445 0.121987 0.263815
74 0.327748 0.533877 0.117578 0.294680
73 0.204659 0.535714 0.116843 0.291005
84 0.210170 0.671296 0.019106 0.008083
84 0.352366 0.666520 0.022781 0.008818
84 0.604791 0.662845 0.020576 0.008818
75 0.705467 0.832231 0.216049 0.168283
78 0.491990 0.813125 0.207966 0.216784
79 0.275941 0.812022 0.203557 0.224868
84 0.303498 0.908289 0.023516 0.007349
84 0.470679 0.908289 0.022781 0.008818
84 0.530203 0.909024 0.022781 0.007349
84 0.724574 0.906820 0.022046 0.008818
