87 0.523113 0.500786 0.284591 0.941824
20 0.529402 0.326258 0.061321 0.227987
21 0.462863 0.329814 0.053908 0.222372
24 0.605870 0.330563 0.073375 0.226864
5 0.399596 0.335804 0.060647 0.204403
26 0.597634 0.621444 0.046421 0.203654
27 0.525756 0.615603 0.070380 0.193172
14 0.455376 0.615229 0.061396 0.189428
14 0.397350 0.603998 0.071129 0.178946
18 0.594265 0.870919 0.048667 0.191674
17 0.524259 0.876909 0.038934 0.185684
16 0.459494 0.864555 0.036688 0.184936
16 0.400344 0.845088 0.036688 0.171459