20 0.399975 0.326279 0.041572 0.168808
7 0.457294 0.347695 0.056689 0.154951
8 0.513668 0.352419 0.030864 0.178256
8 0.546422 0.356513 0.023306 0.181406
9 0.578861 0.367221 0.022676 0.170068
9 0.606261 0.365961 0.029604 0.168808
13 0.638385 0.368796 0.023306 0.170698
13 0.662320 0.382968 0.024565 0.152431
56 0.291336 0.538690 0.166005 0.046958
56 0.285714 0.583664 0.164021 0.045635
46 0.270833 0.738757 0.192460 0.051587
46 0.267857 0.788690 0.195767 0.044312
46 0.455688 0.729497 0.164021 0.042328
46 0.453042 0.776786 0.165344 0.041667
46 0.226190 0.961971 0.190476 0.037698
48 0.231481 0.961310 0.216931 0.050926
48 0.437831 0.923280 0.178571 0.060847
48 0.429563 0.968254 0.189815 0.047619
81 0.610780 0.889881 0.159392 0.042989
81 0.607804 0.937169 0.160053 0.048942
81 0.748677 0.862765 0.140212 0.046958
81 0.749008 0.911045 0.128968 0.046958
81 0.450066 0.545304 0.138228 0.041667
81 0.449074 0.587632 0.149471 0.044312
81 0.578704 0.554894 0.124339 0.046296
81 0.580357 0.594246 0.125000 0.037698
81 0.691799 0.562500 0.108466 0.037698
81 0.694775 0.595899 0.114418 0.031746
81 0.792328 0.567460 0.096561 0.037037
81 0.794312 0.598876 0.101852 0.029762
81 0.615741 0.730159 0.125661 0.030423
81 0.613426 0.764881 0.131614 0.039021
81 0.728175 0.717923 0.104497 0.033730
81 0.732804 0.757275 0.111111 0.030423
81 0.828704 0.713624 0.088624 0.031746
81 0.830026 0.749339 0.091270 0.031746
81 0.702799 0.382206 0.042467 0.164300
81 0.761626 0.384294 0.059872 0.167084
81 0.830549 0.397870 0.075188 0.160819