73 0.268875 0.407509 0.077839 0.194343
71 0.353836 0.409544 0.067664 0.180098
84 0.287783 0.490605 0.020011 0.017976
84 0.329162 0.488909 0.020011 0.015941
84 0.281360 0.660825 0.023699 0.015432
84 0.440642 0.652006 0.027006 0.018739
84 0.586884 0.645363 0.027847 0.018101
84 0.244985 0.836916 0.021495 0.022597
84 0.389385 0.826168 0.023699 0.017637
84 0.504023 0.821208 0.022597 0.014330
84 0.621969 0.816799 0.021495 0.019841
71 0.430170 0.393243 0.072200 0.161486
72 0.509535 0.382220 0.081019 0.175816
72 0.584766 0.380291 0.072751 0.167549
84 0.688848 0.464659 0.027133 0.016958
84 0.857245 0.459063 0.028151 0.017298
84 0.675112 0.645350 0.031543 0.018824
84 0.761345 0.644333 0.030016 0.017806
84 0.852411 0.645350 0.025946 0.015771
70 0.673501 0.379924 0.078630 0.189594
70 0.753233 0.366696 0.076426 0.176367
84 0.835538 0.379556 0.073486 0.178571
81 0.234674 0.592273 0.045156 0.113574
81 0.284163 0.602536 0.056559 0.138661
81 0.333881 0.586572 0.051086 0.114943
81 0.384738 0.585660 0.051542 0.115855
81 0.431323 0.595694 0.050749 0.142310
81 0.473406 0.579226 0.050125 0.122529
81 0.522139 0.578530 0.044556 0.119744
81 0.574004 0.577137 0.059176 0.162907
81 0.612991 0.564954 0.043860 0.134364
81 0.662768 0.578530 0.058480 0.164300
81 0.249582 0.760234 0.049429 0.175439
81 0.301448 0.743525 0.055695 0.146199
81 0.355402 0.741785 0.053606 0.148287
81 0.408312 0.750487 0.060568 0.182400
81 0.464007 0.737608 0.052214 0.141326
81 0.509955 0.745266 0.036898 0.174742
81 0.547201 0.724728 0.033417 0.144806
81 0.583751 0.732387 0.032721 0.144806
81 0.620301 0.744570 0.034809 0.171958
81 0.655458 0.727513 0.032721 0.143414
81 0.687831 0.732387 0.030632 0.129490
88 0.655458 0.739696 0.028544 0.029936
88 0.620649 0.741437 0.031328 0.023670
88 0.582011 0.744918 0.032025 0.022278
88 0.546853 0.736912 0.031328 0.024366
88 0.511696 0.745614 0.033417 0.025063
88 0.465052 0.760930 0.034809 0.025063
88 0.412141 0.763367 0.033417 0.020189
88 0.351921 0.762322 0.034113 0.025063
88 0.297619 0.769284 0.043860 0.019493
88 0.240532 0.770677 0.036898 0.029240
88 0.564954 0.574004 0.035505 0.020189
88 0.606377 0.574701 0.029240 0.017405
88 0.655458 0.572264 0.032721 0.018101
81 0.691138 0.561267 0.040284 0.140091
81 0.732023 0.557359 0.039081 0.150313
81 0.772607 0.569384 0.051708 0.175565
81 0.816498 0.558862 0.036075 0.144901
81 0.857383 0.555255 0.031265 0.144901
81 0.854678 0.724206 0.042689 0.128066
81 0.807780 0.723605 0.045094 0.128066
81 0.768699 0.723605 0.041486 0.128066
81 0.729618 0.724507 0.040284 0.129870
88 0.693263 0.574924 0.030707 0.017952
88 0.734599 0.575633 0.034014 0.018424
88 0.777825 0.572090 0.031652 0.017007
88 0.817271 0.571381 0.029289 0.016534
88 0.861442 0.573980 0.028817 0.015117
89 0.376571 0.588624 0.339782 0.122354
89 0.611359 0.578290 0.126488 0.156250
89 0.777116 0.570023 0.201720 0.179398
89 0.357970 0.753968 0.267857 0.183532
89 0.582424 0.742808 0.179398 0.176091
