81 0.772569 0.140956 0.157903 0.278604
81 0.610532 0.164104 0.131448 0.324901
81 0.473297 0.148810 0.124835 0.286045
81 0.350942 0.194692 0.096726 0.273644
81 0.202546 0.177331 0.132275 0.329861
81 0.794064 0.525794 0.156250 0.229828
81 0.779183 0.797784 0.190972 0.229828
88 0.778770 0.182292 0.090939 0.045470
88 0.603919 0.196759 0.098380 0.066138
88 0.468337 0.207093 0.091766 0.060351
88 0.347636 0.239749 0.080192 0.051257
88 0.194279 0.221561 0.097553 0.059524
88 0.813492 0.537368 0.100860 0.071098
88 0.779183 0.749421 0.157903 0.088459
84 0.525794 0.681217 0.024929 0.013228
84 0.179843 0.672059 0.027981 0.015263
84 0.168430 0.327160 0.021164 0.013228
84 0.374780 0.321649 0.025573 0.012787
84 0.591817 0.316548 0.028736 0.015508
73 0.649093 0.489890 0.134165 0.299509
73 0.512566 0.516818 0.131330 0.349584
73 0.382181 0.494142 0.123772 0.291005
73 0.253685 0.490363 0.119992 0.294785
73 0.157313 0.497921 0.065193 0.283447
70 0.229592 0.830026 0.120937 0.297619
70 0.354781 0.832861 0.125661 0.297619
70 0.145975 0.826247 0.046296 0.282502
71 0.479025 0.835223 0.132275 0.292895
71 0.611772 0.838530 0.123772 0.291950
