87 0.600639 0.566138 0.202601 0.552028
21 0.536627 0.460454 0.021438 0.113574
20 0.559889 0.464103 0.021438 0.116311
23 0.587712 0.463191 0.022350 0.109925
27 0.616676 0.464559 0.034665 0.113574
26 0.639938 0.465472 0.020069 0.109925
24 0.673463 0.469577 0.031472 0.110837
15 0.532065 0.625570 0.025087 0.111750
14 0.562169 0.626026 0.039683 0.112662
9 0.593414 0.629447 0.023718 0.104908
8 0.617360 0.628079 0.021438 0.104908
8 0.640394 0.628535 0.020069 0.104908
7 0.670726 0.626254 0.036946 0.105820
7 0.669358 0.781564 0.034209 0.103540
11 0.626710 0.786353 0.041963 0.105820
12 0.593186 0.786125 0.025999 0.106276
12 0.569467 0.786581 0.025087 0.107188
13 0.546433 0.787493 0.017333 0.107188
13 0.526820 0.788862 0.019157 0.107188