74 0.355925 0.470374 0.110063 0.281364
84 0.389854 0.592850 0.037239 0.014896
74 0.246069 0.455451 0.104822 0.235849
74 0.459644 0.451520 0.102201 0.248952
70 0.565121 0.444969 0.106132 0.256813
70 0.673218 0.467243 0.110063 0.280398
84 0.667643 0.593201 0.033615 0.021145
70 0.780975 0.442610 0.105346 0.243711
72 0.251572 0.761469 0.112838 0.285794
84 0.223363 0.886792 0.049020 0.022198
81 0.474473 0.753145 0.109138 0.287643
84 0.472161 0.884943 0.036071 0.022198
84 0.600721 0.878931 0.032371 0.024972
84 0.696448 0.877543 0.035146 0.022198
81 0.366260 0.731410 0.105438 0.240474
81 0.585461 0.768405 0.085091 0.255272
81 0.672401 0.766093 0.088790 0.254347
81 0.760729 0.741121 0.093415 0.213651
88 0.353774 0.790141 0.074917 0.084166
88 0.469848 0.789678 0.083241 0.075842
88 0.590085 0.778579 0.057344 0.053644
88 0.674251 0.776267 0.062893 0.056419
88 0.768590 0.776267 0.059193 0.056419
88 0.849982 0.737884 0.049945 0.053644
81 0.837958 0.705975 0.072142 0.202553
71 0.160932 0.734184 0.073992 0.242323
73 0.155189 0.455975 0.058176 0.257862
