84 0.589361 0.583006 0.035377 0.020309
84 0.292584 0.582023 0.034067 0.020964
84 0.300629 0.903695 0.029874 0.021226
84 0.510535 0.897799 0.036164 0.026730
84 0.631997 0.898978 0.038522 0.024371
70 0.595912 0.450734 0.106569 0.286513
70 0.709906 0.440252 0.109189 0.237596
70 0.484102 0.435884 0.104822 0.242837
74 0.369672 0.435447 0.108316 0.240217
74 0.257862 0.450734 0.117051 0.284766
74 0.160028 0.426275 0.064640 0.258560
80 0.159154 0.735063 0.078616 0.268169
81 0.380133 0.729560 0.110988 0.260821
81 0.265446 0.761469 0.112838 0.313541
88 0.376434 0.785516 0.090640 0.067518
88 0.257584 0.785979 0.073067 0.053644
88 0.484640 0.770360 0.042332 0.016126
88 0.608208 0.771569 0.038703 0.015320
88 0.706761 0.769978 0.042083 0.026822
88 0.805494 0.727432 0.038846 0.029597
81 0.494672 0.774371 0.109189 0.275157
81 0.606045 0.776118 0.085604 0.289133
81 0.698637 0.742488 0.090846 0.228861
81 0.792540 0.711478 0.079490 0.212264
89 0.703005 0.759521 0.286513 0.304857

84 0.295537 0.581519 0.034470 0.019352
84 0.590953 0.583031 0.029028 0.016328
84 0.633800 0.894299 0.033475 0.020288
84 0.512071 0.899371 0.041591 0.022317
84 0.304118 0.902668 0.039562 0.024853
90 0.311995 0.448488 0.217880 0.289009
90 0.595762 0.448862 0.333184 0.294250
90 0.322102 0.761980 0.230608 0.318209
88 0.253968 0.784441 0.091345 0.065139
88 0.378257 0.782195 0.091345 0.054657
88 0.494310 0.771713 0.053908 0.024708
88 0.607742 0.770216 0.045672 0.026205
88 0.704328 0.768344 0.051662 0.031447
88 0.805406 0.727913 0.033693 0.032944
90 0.639072 0.756682 0.401730 0.312107
81 0.489308 0.744497 0.092767 0.231132
81 0.607626 0.747248 0.087264 0.224057
81 0.702358 0.740959 0.095912 0.235063
81 0.792767 0.706761 0.086478 0.232704