74 0.274327 0.209627 0.094318 0.222567
84 0.247872 0.309696 0.039107 0.018979
84 0.366345 0.306246 0.026455 0.014378
84 0.442834 0.301932 0.041408 0.018403
84 0.549517 0.295894 0.037382 0.017828
84 0.632620 0.293593 0.031056 0.020129
84 0.713711 0.290143 0.031056 0.018979
84 0.201288 0.306533 0.031056 0.017253
84 0.160743 0.491143 0.029331 0.016103
84 0.231769 0.485680 0.029906 0.016678
84 0.293593 0.483667 0.029331 0.016103
84 0.341040 0.482229 0.028755 0.016678
84 0.385036 0.478491 0.030481 0.021854
84 0.424718 0.477628 0.031631 0.018979
84 0.471014 0.477628 0.034507 0.018979
84 0.522199 0.475903 0.037957 0.016678
84 0.575058 0.474325 0.033578 0.018654
84 0.623559 0.475512 0.034934 0.015602
84 0.692240 0.469746 0.034595 0.016958
84 0.725139 0.471442 0.033917 0.016280
84 0.777032 0.470085 0.031203 0.016280
84 0.824854 0.467372 0.032560 0.017637
84 0.498236 0.656797 0.025777 0.015263
84 0.596595 0.654084 0.021028 0.016619
84 0.693766 0.655610 0.020689 0.015602
84 0.776014 0.654423 0.029847 0.020011
84 0.822310 0.652049 0.034256 0.018654
84 0.487044 0.851818 0.030525 0.020689
84 0.609343 0.852024 0.031602 0.018979
84 0.737688 0.849444 0.031882 0.022046
84 0.806347 0.852305 0.035568 0.023019
84 0.176028 0.857584 0.027133 0.021368
84 0.234364 0.858601 0.019672 0.017298
84 0.315086 0.856227 0.025098 0.020689
84 0.399708 0.853344 0.026116 0.018993
84 0.285748 0.653914 0.027473 0.021028
84 0.199600 0.659849 0.027473 0.017298
73 0.368081 0.193580 0.091066 0.237586
81 0.455332 0.195869 0.088523 0.230973
88 0.452534 0.221561 0.056471 0.043244
88 0.545126 0.211131 0.060541 0.036630
81 0.546398 0.193325 0.090558 0.223850
72 0.637464 0.189510 0.095645 0.228429
72 0.730566 0.181370 0.088523 0.240639
71 0.806370 0.160256 0.056980 0.221815
84 0.691222 0.471442 0.033917 0.018993
81 0.153134 0.428877 0.048501 0.146859
81 0.240978 0.426503 0.051893 0.138041
81 0.198752 0.415819 0.045448 0.114638
81 0.298315 0.423629 0.050821 0.135756
81 0.342175 0.429546 0.048037 0.119744
81 0.384990 0.429546 0.043163 0.132275
81 0.425369 0.422932 0.037594 0.135756
88 0.419380 0.417175 0.022046 0.010175
88 0.467881 0.403100 0.024759 0.010514
88 0.519773 0.408866 0.027473 0.017298
88 0.566578 0.409375 0.027473 0.016280
88 0.615493 0.402819 0.028935 0.017774
88 0.663738 0.402258 0.028345 0.016534
88 0.712632 0.399857 0.029762 0.024802
88 0.761626 0.402395 0.034809 0.023670
88 0.809315 0.390908 0.031328 0.022974
88 0.176367 0.587994 0.039053 0.017007
88 0.379819 0.571618 0.036533 0.024565
88 0.423910 0.570043 0.034014 0.027715
88 0.466742 0.565634 0.035273 0.028975
88 0.523747 0.567523 0.024565 0.021416
88 0.348010 0.567838 0.019526 0.015747
88 0.560595 0.565634 0.032754 0.022676
88 0.590829 0.564374 0.035273 0.020156
88 0.639015 0.561224 0.035903 0.018896
88 0.678697 0.559965 0.040942 0.025195
88 0.724679 0.560595 0.043462 0.022676
88 0.768456 0.565319 0.032754 0.019526
88 0.809713 0.565634 0.033384 0.025195
88 0.166107 0.772029 0.040191 0.024929
88 0.252086 0.775845 0.045279 0.024420
88 0.386650 0.779915 0.032560 0.016280
88 0.462454 0.775336 0.042735 0.021368
88 0.521215 0.776353 0.036121 0.021368
88 0.578307 0.775926 0.041270 0.021693
88 0.630423 0.775397 0.040741 0.020635
88 0.680423 0.771958 0.042328 0.022222
88 0.737831 0.772487 0.042857 0.022222
88 0.789418 0.782275 0.034921 0.018519
88 0.833333 0.783862 0.033862 0.018519
88 0.205971 0.883724 0.020156 0.021416
88 0.259196 0.883724 0.025825 0.020156
88 0.357143 0.884354 0.021416 0.022676
88 0.408793 0.886243 0.026455 0.020156
88 0.459499 0.885614 0.025825 0.025195
88 0.504535 0.884984 0.020156 0.021416
88 0.559020 0.885614 0.025825 0.025195
88 0.663895 0.886873 0.027715 0.025195
88 0.719325 0.888763 0.023936 0.025195
88 0.755543 0.872701 0.030864 0.014487
88 0.816641 0.882779 0.025825 0.024565
81 0.471866 0.420991 0.052401 0.138889
81 0.521469 0.418447 0.047823 0.135836
81 0.570055 0.415904 0.048331 0.143976
81 0.616606 0.414886 0.049858 0.147029
81 0.672823 0.415904 0.072751 0.144994
81 0.707926 0.412088 0.066646 0.139398
81 0.767450 0.412851 0.051384 0.134819
81 0.818325 0.409799 0.049349 0.138889
81 0.183052 0.615079 0.066564 0.113927
81 0.263057 0.614226 0.094299 0.115634
81 0.335924 0.569885 0.042438 0.148810
81 0.380567 0.567956 0.041336 0.151565
81 0.424658 0.565752 0.046847 0.147156
81 0.512015 0.582011 0.051808 0.182981
81 0.480324 0.580908 0.064484 0.178571
81 0.556418 0.566770 0.039683 0.146653
81 0.598976 0.577410 0.041983 0.174833
81 0.640097 0.563032 0.043708 0.147228
81 0.683230 0.577985 0.047159 0.171383
81 0.724638 0.562457 0.041408 0.144928
81 0.770380 0.576867 0.046541 0.186655
81 0.817411 0.574907 0.045561 0.185675
81 0.851460 0.559965 0.047031 0.154811
81 0.172186 0.772669 0.083470 0.194308
81 0.251551 0.772213 0.062489 0.198869
81 0.398754 0.768298 0.074405 0.199515
81 0.521289 0.758569 0.046488 0.159880
81 0.577601 0.753417 0.046296 0.162037
81 0.628019 0.756233 0.041408 0.159952
81 0.683973 0.753968 0.050705 0.163139
81 0.739363 0.753393 0.050154 0.157580
81 0.789050 0.763458 0.039107 0.144352
81 0.834196 0.762595 0.043133 0.140327
89 0.602715 0.768921 0.326662 0.194387
81 0.463538 0.757419 0.050610 0.158730
89 0.812629 0.772084 0.086266 0.185760
89 0.530538 0.578847 0.433057 0.176559
