73 0.406011 0.228175 0.143298 0.329953
84 0.372208 0.377352 0.034539 0.019841
73 0.546370 0.210538 0.130071 0.281452
73 0.678277 0.231481 0.132275 0.324809
84 0.630879 0.374045 0.043357 0.023516
81 0.521384 0.488316 0.081570 0.199515
88 0.524183 0.500441 0.045109 0.028829
88 0.606261 0.499593 0.049179 0.030525
88 0.689696 0.498067 0.045788 0.028829
81 0.603378 0.486874 0.082757 0.199769
81 0.684778 0.486026 0.080043 0.194682
81 0.765621 0.499496 0.085034 0.229277
81 0.839632 0.481230 0.071807 0.196523
81 0.786407 0.255102 0.076216 0.185185
81 0.850025 0.252897 0.047241 0.188335
81 0.464947 0.809303 0.178571 0.184744
81 0.644180 0.798280 0.177249 0.189153
81 0.800265 0.787037 0.153439 0.179894
88 0.770503 0.497234 0.043891 0.030063
88 0.851671 0.492725 0.043891 0.030664
88 0.793951 0.270262 0.049904 0.031866
88 0.437410 0.740139 0.105219 0.024050
88 0.443422 0.784632 0.105219 0.020443
88 0.444625 0.827922 0.106421 0.024050
88 0.609067 0.733826 0.101010 0.018639
88 0.612975 0.776816 0.105219 0.022848
88 0.616883 0.820106 0.103415 0.022848
88 0.790344 0.724808 0.099206 0.022246
88 0.781325 0.768098 0.102814 0.018639
88 0.784031 0.811388 0.105820 0.019841
84 0.452036 0.877329 0.037957 0.022429
84 0.634633 0.866690 0.041983 0.021854
84 0.860939 0.852887 0.031056 0.019554
84 0.296469 0.624281 0.043133 0.023579
0 0.303724 0.533679 0.062068 0.216728
0 0.233516 0.511803 0.066138 0.179080
2 0.160256 0.498575 0.068173 0.207570
3 0.375967 0.508751 0.068173 0.168905
3 0.446174 0.507733 0.060033 0.170940
62 0.286726 0.761360 0.098817 0.126829
