81 0.581761 0.543655 0.129486 0.292268
81 0.759341 0.453940 0.166482 0.099889
81 0.755642 0.558454 0.166482 0.086940
81 0.749630 0.652331 0.156308 0.095265
88 0.573437 0.594062 0.085091 0.071217
88 0.761191 0.458102 0.072142 0.050869
88 0.751942 0.546892 0.064743 0.034221
88 0.755179 0.642619 0.069367 0.044395
72 0.443489 0.551979 0.132260 0.288568
72 0.308454 0.548280 0.123011 0.288568
71 0.188679 0.544118 0.109138 0.280244
89 0.750847 0.551645 0.186260 0.315675
89 0.652044 0.274371 0.146226 0.171384
89 0.386321 0.250786 0.366352 0.215409
81 0.240880 0.253145 0.078616 0.220126
81 0.311635 0.245283 0.081761 0.216981
81 0.385535 0.246069 0.078616 0.227987
81 0.462579 0.248428 0.075472 0.220126
81 0.534119 0.249214 0.073899 0.218553
81 0.611163 0.270440 0.080189 0.176101
81 0.688994 0.271226 0.075472 0.177673
81 0.754245 0.277516 0.080189 0.165094
81 0.836792 0.258648 0.069182 0.202830
81 0.166195 0.248428 0.061321 0.207547
88 0.231447 0.251572 0.066038 0.050314
88 0.302987 0.253145 0.045597 0.053459
88 0.376887 0.254717 0.048742 0.050314
88 0.453145 0.255503 0.056604 0.045597
88 0.536478 0.253931 0.047170 0.051887
88 0.604874 0.285377 0.055031 0.042453
88 0.675629 0.288522 0.036164 0.033019
88 0.751101 0.294811 0.064465 0.048742
88 0.847013 0.286164 0.061321 0.044025
