73 0.254245 0.337264 0.124214 0.344340
73 0.376887 0.320755 0.117925 0.286164
84 0.286246 0.486842 0.033102 0.022344
74 0.494628 0.322458 0.111373 0.289570
74 0.606001 0.338836 0.103512 0.246331
74 0.704927 0.359801 0.112683 0.285639
84 0.671515 0.485587 0.043239 0.028826
70 0.817138 0.334906 0.102201 0.251572
71 0.269182 0.639937 0.122642 0.267296
71 0.389465 0.632862 0.108491 0.259434
71 0.501887 0.647799 0.106918 0.308176
84 0.495755 0.789308 0.037212 0.023061
81 0.711366 0.645216 0.105571 0.299865
84 0.677673 0.776617 0.031447 0.032570
88 0.720311 0.678598 0.071217 0.080466
81 0.611177 0.623100 0.105477 0.254848
88 0.613797 0.692217 0.080582 0.081237

84 0.286101 0.487862 0.043396 0.024528
84 0.665922 0.482622 0.042205 0.026481
84 0.676266 0.776399 0.036412 0.018206
84 0.852946 0.766303 0.032274 0.023171
84 0.496276 0.788232 0.042205 0.025654
90 0.312421 0.348270 0.243711 0.316038
90 0.602516 0.347484 0.314465 0.289308
90 0.387107 0.649371 0.342767 0.311321
90 0.669340 0.645440 0.224843 0.294025
90 0.821855 0.655660 0.102201 0.257862
88 0.615880 0.682390 0.095912 0.062893
88 0.724371 0.668239 0.092767 0.066038
88 0.825000 0.657233 0.036164 0.025157