73 0.352333 0.468975 0.109428 0.281385
73 0.464466 0.453944 0.110029 0.239298
74 0.569384 0.455147 0.098605 0.229678
74 0.665885 0.454545 0.088384 0.224868
74 0.752465 0.480700 0.099206 0.260342
74 0.837843 0.455748 0.071549 0.233285
84 0.378487 0.596741 0.034271 0.023449
84 0.718194 0.588925 0.039081 0.022246
84 0.563672 0.869108 0.036676 0.022246
84 0.787338 0.857083 0.034271 0.022246
72 0.568182 0.745250 0.099808 0.277177
71 0.462061 0.727213 0.102814 0.229076
71 0.355339 0.733526 0.109428 0.233285
81 0.669793 0.724808 0.094998 0.209836
88 0.670094 0.765693 0.069144 0.042689
88 0.772306 0.757275 0.066739 0.041486
81 0.770202 0.745551 0.097403 0.262145
