84 0.159006 0.421903 0.034722 0.013779
84 0.470128 0.426587 0.031966 0.014330
84 0.780837 0.425967 0.024802 0.012814
84 0.275573 0.765726 0.031844 0.011758
84 0.733907 0.729056 0.028660 0.012787
72 0.224537 0.245701 0.169974 0.382937
70 0.526124 0.257937 0.151455 0.361111
70 0.381614 0.241733 0.142857 0.312831
73 0.663360 0.251323 0.132275 0.302910
73 0.797288 0.268849 0.134259 0.335317
81 0.274772 0.623497 0.188793 0.304233
88 0.283790 0.591631 0.137085 0.081770
88 0.456349 0.572992 0.140693 0.073353
88 0.613877 0.559163 0.135883 0.084175
88 0.801467 0.554954 0.123858 0.078163
81 0.790645 0.600048 0.174363 0.276575
81 0.626503 0.590428 0.173160 0.214045
81 0.459355 0.595839 0.185185 0.244108
81 0.603054 0.875782 0.191198 0.248436
81 0.793050 0.871813 0.176768 0.252525
81 0.399832 0.886604 0.196008 0.226792
88 0.391414 0.876022 0.169553 0.099808
88 0.624098 0.860991 0.170755 0.113035
88 0.784632 0.814695 0.138288 0.097403
